timestamp,left_x,left_y,right_x,right_y,head_x,head_y,center_x,center_y,eye_dx,eye_dy,head_eye_dx,head_eye_dy
1754382516.67491,784,376,660,378,722,463,722,377,124,2,0,86
1754382517.123193,772,367,638,363,702,457,705,365,134,4,3,92
1754382517.1890078,761,368,629,363,690,457,695,365,132,5,5,92
1754382517.221868,757,366,622,362,686,457,689,364,135,4,3,93
1754382517.2563572,752,368,618,362,681,457,685,365,134,6,4,92
1754382517.293021,747,368,614,364,677,458,680,366,133,4,3,92
1754382517.320249,743,368,609,364,673,458,676,366,134,4,3,92
1754382517.356224,740,369,606,365,669,459,673,367,134,4,4,92
1754382517.387934,737,370,604,366,667,460,670,368,133,4,3,92
1754382517.42137,734,369,601,366,665,460,667,367,133,3,2,93
1754382517.5388072,731,370,597,368,661,461,664,369,134,2,3,92
1754382517.5881479,727,372,594,371,659,464,660,371,133,1,1,93
1754382517.622483,727,372,594,371,657,464,660,371,133,1,3,93
1754382517.655141,726,373,594,373,657,466,660,373,132,0,3,93
1754382517.687009,726,374,593,373,657,466,659,373,133,1,2,93
1754382517.722134,726,373,593,373,656,466,659,373,133,0,3,93
1754382517.754173,726,373,594,372,656,466,660,372,132,1,4,94
1754382517.8033621,727,373,594,372,657,465,660,372,133,1,3,93
1754382517.8534431,728,371,596,368,658,461,662,369,132,3,4,92
1754382517.887421,727,371,594,367,656,460,660,369,133,4,4,91
1754382517.9208808,725,370,593,365,656,459,659,367,132,5,3,92
1754382517.952873,724,370,593,365,654,458,658,367,131,5,4,91
1754382517.986757,722,370,591,365,652,458,656,367,131,5,4,91
1754382518.0255182,719,370,589,365,650,457,654,367,130,5,4,90
1754382518.054904,716,370,587,365,647,457,651,367,129,5,4,90
1754382518.087081,714,370,585,365,645,456,649,367,129,5,4,89
1754382518.11962,711,370,583,365,643,456,647,367,128,5,4,89
1754382518.15329,709,370,582,365,642,456,645,367,127,5,3,89
1754382518.187414,708,371,581,366,640,456,644,368,127,5,4,88
1754382518.220503,707,372,581,366,640,456,644,369,126,6,4,87
1754382518.2533162,706,372,582,366,639,456,644,369,124,6,5,87
1754382518.28661,705,374,581,368,638,457,643,371,124,6,5,86
1754382518.322735,704,377,580,370,637,458,642,373,124,7,5,85
1754382518.354412,701,384,580,377,635,462,640,380,121,7,5,82
1754382518.3873541,699,389,575,382,633,465,637,385,124,7,4,80
1754382518.420934,700,392,576,385,633,467,638,388,124,7,5,79
1754382518.455924,703,393,577,385,633,469,640,389,126,8,7,80
1754382518.488571,699,391,578,384,633,470,638,387,121,7,5,83
1754382518.5222871,699,391,578,384,633,471,638,387,121,7,5,84
1754382518.55528,700,392,577,385,633,472,638,388,123,7,5,84
1754382518.590315,701,391,578,386,633,473,639,388,123,5,6,85
1754382518.621529,701,391,579,387,634,474,640,389,122,4,6,85
1754382518.655196,702,392,579,388,635,474,640,390,123,4,5,84
1754382518.689041,703,392,579,389,636,474,641,390,124,3,5,84
1754382518.722152,704,392,580,389,637,476,642,390,124,3,5,86
1754382518.754866,705,393,580,389,637,477,642,391,125,4,5,86
1754382518.789716,706,394,582,391,639,479,644,392,124,3,5,87
1754382518.822468,707,396,583,392,640,480,645,394,124,4,5,86
1754382518.8555179,708,398,583,393,640,481,645,395,125,5,5,86
1754382518.888673,709,399,585,394,641,483,647,396,124,5,6,87
1754382518.922573,710,399,585,395,642,483,647,397,125,4,5,86
1754382518.954863,711,400,586,395,642,483,648,397,125,5,6,86
1754382518.989002,711,400,587,395,643,483,649,397,124,5,6,86
1754382519.021593,711,401,587,395,643,484,649,398,124,6,6,86
1754382519.056064,711,400,587,394,642,483,649,397,124,6,7,86
1754382519.089268,711,400,587,394,642,483,649,397,124,6,7,86
1754382519.122614,710,400,585,394,641,483,647,397,125,6,6,86
1754382519.155603,709,399,585,392,639,481,647,395,124,7,8,86
1754382519.188236,709,399,585,391,638,480,647,395,124,8,9,85
1754382519.2224069,709,401,588,393,638,480,648,397,121,8,10,83
1754382519.255591,709,400,587,393,638,478,648,396,122,7,10,82
1754382519.288361,709,398,587,391,639,476,648,394,122,7,9,82
1754382519.321846,709,395,587,391,639,475,648,393,122,4,9,82
1754382519.3555992,711,394,588,389,641,473,649,391,123,5,8,82
1754382519.389076,711,392,589,388,643,471,650,390,122,4,7,81
1754382519.422157,713,390,591,387,644,470,652,388,122,3,8,82
1754382519.456023,715,388,592,385,646,469,653,386,123,3,7,83
1754382519.4886541,716,386,593,383,647,467,654,384,123,3,7,83
1754382519.522005,717,385,595,381,649,465,656,383,122,4,7,82
1754382519.555574,719,382,596,378,650,463,657,380,123,4,7,83
1754382519.588862,720,381,597,378,651,461,658,379,123,3,7,82
1754382519.6219652,719,378,597,373,652,459,658,375,122,5,6,84
1754382519.655637,720,373,597,369,653,456,658,371,123,4,5,85
1754382519.688638,721,371,598,367,654,455,659,369,123,4,5,86
1754382519.7222521,723,371,599,366,655,454,661,368,124,5,6,86
1754382519.7556999,723,371,600,365,655,454,661,368,123,6,6,86
1754382519.7889721,724,371,600,365,656,455,662,368,124,6,6,87
1754382519.821422,725,371,600,365,656,456,662,368,125,6,6,88
1754382519.8545668,724,372,599,366,655,456,661,369,125,6,6,87
1754382519.889045,724,373,598,366,654,457,661,369,126,7,7,88
1754382519.922712,723,372,597,366,654,457,660,369,126,6,6,88
1754382519.95567,722,373,597,365,653,457,659,369,125,8,6,88
1754382519.989196,721,372,595,365,652,457,658,368,126,7,6,89
1754382520.021801,721,372,594,366,652,457,657,369,127,6,5,88
1754382520.055066,720,372,594,366,651,457,657,369,126,6,6,88
1754382520.0879,719,372,593,366,650,457,656,369,126,6,6,88
1754382520.122258,718,373,592,367,649,457,655,370,126,6,6,87
1754382520.1543732,718,373,591,366,648,457,654,369,127,7,6,88
1754382520.1888251,718,373,591,366,648,458,654,369,127,7,6,89
1754382520.220891,718,373,590,367,648,458,654,370,128,6,6,88
1754382520.256208,717,373,590,367,648,459,653,370,127,6,5,89
1754382520.28888,717,374,590,368,647,459,653,371,127,6,6,88
1754382520.321503,716,374,590,367,647,459,653,370,126,7,6,89
1754382520.355056,715,374,588,368,647,459,651,371,127,6,4,88
1754382520.389238,716,374,588,367,647,459,652,370,128,7,5,89
1754382520.422039,716,374,588,367,647,459,652,370,128,7,5,89
1754382520.454713,716,374,588,367,647,459,652,370,128,7,5,89
1754382520.488798,716,374,589,367,647,459,652,370,127,7,5,89
1754382520.522424,715,378,590,370,647,461,652,374,125,8,5,87
1754382520.55483,715,382,587,376,646,463,651,379,128,6,5,84
1754382520.5882912,715,381,586,376,647,462,650,378,129,5,3,84
1754382520.622357,717,379,590,373,647,462,653,376,127,6,6,86
1754382520.6545641,717,376,589,370,647,462,653,373,128,6,6,89
1754382520.688854,718,375,590,369,649,461,654,372,128,6,5,89
1754382520.722344,718,375,590,369,649,460,654,372,128,6,5,88
1754382520.755308,719,374,591,368,649,461,655,371,128,6,6,90
1754382520.787919,719,374,591,368,649,460,655,371,128,6,6,89
1754382520.821126,720,374,592,368,650,460,656,371,128,6,6,89
1754382520.855009,720,374,593,367,650,460,656,370,127,7,6,90
1754382520.8891258,721,374,593,367,650,460,657,370,128,7,7,90
1754382520.922409,720,374,593,367,650,460,656,370,127,7,6,90
1754382520.9552379,720,374,594,367,651,460,657,370,126,7,6,90
1754382520.98893,721,374,594,368,651,461,657,371,127,6,6,90
1754382521.0222368,721,374,594,368,651,461,657,371,127,6,6,90
1754382521.055191,721,374,594,368,651,461,657,371,127,6,6,90
1754382521.088947,722,374,594,367,651,460,658,370,128,7,7,90
1754382521.121289,722,374,594,367,651,460,658,370,128,7,7,90
1754382521.154745,722,374,594,367,651,460,658,370,128,7,7,90
1754382521.188622,722,374,594,368,651,461,658,371,128,6,7,90
1754382521.2214222,722,374,595,368,651,461,658,371,127,6,7,90
1754382521.254619,722,375,595,368,652,461,658,371,127,7,6,90
1754382521.288759,722,375,594,368,652,461,658,371,128,7,6,90
1754382521.321248,721,375,594,368,651,461,657,371,127,7,6,90
1754382521.3550231,721,375,594,368,651,461,657,371,127,7,6,90
1754382521.3883588,721,375,594,368,652,461,657,371,127,7,5,90
1754382521.420445,721,375,593,368,652,461,657,371,128,7,5,90
1754382521.453892,721,375,593,368,652,462,657,371,128,7,5,91
1754382521.4883158,721,375,593,368,652,462,657,371,128,7,5,91
1754382521.5217311,721,376,594,369,652,462,657,372,127,7,5,90
1754382521.554085,722,376,594,369,652,462,658,372,128,7,6,90
1754382521.5877929,722,376,595,369,652,462,658,372,127,7,6,90
1754382521.622056,722,376,595,368,652,462,658,372,127,8,6,90
1754382521.654453,722,376,595,369,652,462,658,372,127,7,6,90
1754382521.688315,722,377,595,370,652,463,658,373,127,7,6,90
1754382521.721629,723,381,597,375,652,464,660,378,126,6,8,86
1754382521.7548192,724,382,597,376,652,465,660,379,127,6,8,86
1754382521.7884748,724,382,597,375,652,465,660,378,127,7,8,87
1754382521.821431,725,381,598,375,653,464,661,378,127,6,8,86
1754382521.854091,725,381,598,375,653,465,661,378,127,6,8,87
1754382521.88842,726,381,599,376,654,464,662,378,127,5,8,86
1754382521.921768,726,381,599,375,654,464,662,378,127,6,8,86
1754382521.954868,726,379,598,374,654,464,662,376,128,5,8,88
1754382521.988344,724,375,597,370,655,462,660,372,127,5,5,90
1754382522.021769,724,375,596,369,654,462,660,372,128,6,6,90
1754382522.05378,723,375,596,369,654,462,659,372,127,6,5,90
1754382522.088929,723,375,596,369,654,462,659,372,127,6,5,90
1754382522.119709,723,375,595,369,653,462,659,372,128,6,6,90
1754382522.153486,722,375,595,369,653,462,658,372,127,6,5,90
1754382522.1867762,722,375,595,369,653,462,658,372,127,6,5,90
1754382522.219884,722,375,595,369,653,462,658,372,127,6,5,90
1754382522.253556,722,375,594,369,653,462,658,372,128,6,5,90
1754382522.287194,722,375,594,369,652,462,658,372,128,6,6,90
1754382522.32141,722,375,594,369,652,462,658,372,128,6,6,90
1754382522.353583,721,376,594,370,652,462,657,373,127,6,5,89
1754382522.387539,721,376,594,370,652,462,657,373,127,6,5,89
1754382522.420851,721,376,593,370,652,463,657,373,128,6,5,90
1754382522.453452,721,376,593,370,651,463,657,373,128,6,6,90
1754382522.488841,721,377,593,370,652,463,657,373,128,7,5,90
1754382522.519857,721,376,594,370,652,463,657,373,127,6,5,90
1754382522.5532742,721,376,594,370,652,463,657,373,127,6,5,90
1754382522.5864918,721,376,595,370,652,463,658,373,126,6,6,90
1754382522.62049,722,377,594,370,652,463,658,373,128,7,6,90
1754382522.653167,722,377,594,370,652,463,658,373,128,7,6,90
1754382522.685436,722,377,594,371,652,463,658,374,128,6,6,89
1754382522.7211,721,377,593,371,651,464,657,374,128,6,6,90
1754382522.757267,721,377,593,371,651,464,657,374,128,6,6,90
1754382522.7857852,721,378,593,372,651,464,657,375,128,6,6,89
1754382522.818847,720,378,592,372,650,464,656,375,128,6,6,89
1754382522.852101,720,378,592,372,650,464,656,375,128,6,6,89
1754382522.885005,720,378,592,372,650,464,656,375,128,6,6,89
1754382522.91887,720,378,592,372,650,464,656,375,128,6,6,89
1754382522.95372,720,378,592,372,650,464,656,375,128,6,6,89
1754382522.98443,720,378,592,372,650,463,656,375,128,6,6,88
1754382523.02953,720,378,592,372,650,463,656,375,128,6,6,88
1754382523.051153,720,378,592,372,650,462,656,375,128,6,6,87
1754382523.084759,721,378,592,372,650,462,656,375,129,6,6,87
1754382523.118142,721,378,593,372,650,462,657,375,128,6,7,87
1754382523.151881,722,378,593,372,651,461,657,375,129,6,6,86
1754382523.19149,722,378,593,372,651,461,657,375,129,6,6,86
1754382523.223223,722,377,594,371,651,461,658,374,128,6,7,87
1754382523.2548742,723,377,595,370,652,461,659,373,128,7,7,88
1754382523.288387,723,377,595,370,652,461,659,373,128,7,7,88
1754382523.3223948,723,377,595,370,652,461,659,373,128,7,7,88
1754382523.356537,723,377,594,370,652,461,658,373,129,7,6,88
1754382523.388569,723,377,594,370,652,462,658,373,129,7,6,89
1754382523.4225569,723,377,595,371,652,461,659,374,128,6,7,87
1754382523.4539342,723,377,594,371,652,462,658,374,129,6,6,88
1754382523.4880462,723,377,594,371,652,462,658,374,129,6,6,88
1754382523.52163,723,377,594,371,651,462,658,374,129,6,7,88
1754382523.554377,723,377,594,371,651,462,658,374,129,6,7,88
1754382523.587222,723,377,594,371,652,462,658,374,129,6,6,88
1754382523.620258,723,377,594,371,652,462,658,374,129,6,6,88
1754382523.654343,722,377,594,371,652,463,658,374,128,6,6,89
1754382523.68627,722,377,594,371,652,463,658,374,128,6,6,89
1754382523.722551,722,377,594,371,652,464,658,374,128,6,6,90
1754382523.753175,722,377,594,371,652,464,658,374,128,6,6,90
1754382523.7889652,722,377,594,371,652,464,658,374,128,6,6,90
1754382523.8204732,722,377,594,371,652,464,658,374,128,6,6,90
1754382523.853845,722,378,594,371,652,464,658,374,128,7,6,90
1754382523.886155,722,378,594,371,652,464,658,374,128,7,6,90
1754382523.922202,722,378,594,371,652,464,658,374,128,7,6,90
1754382523.9541361,723,378,594,372,652,464,658,375,129,6,6,89
1754382523.988055,723,378,594,372,652,464,658,375,129,6,6,89
1754382524.021101,723,378,594,371,652,464,658,374,129,7,6,90
1754382524.0540512,723,378,594,371,652,464,658,374,129,7,6,90
1754382524.087113,725,377,596,372,653,464,660,374,129,5,7,90
1754382524.120517,727,378,598,373,653,464,662,375,129,5,9,89
1754382524.153308,727,378,599,372,653,464,663,375,128,6,10,89
1754382524.186422,728,378,599,372,653,464,663,375,129,6,10,89
1754382524.220021,727,377,599,372,653,464,663,374,128,5,10,90
1754382524.253588,727,377,599,372,653,464,663,374,128,5,10,90
1754382524.2878668,727,377,599,372,653,464,663,374,128,5,10,90
1754382524.319752,727,377,599,372,653,464,663,374,128,5,10,90
1754382524.3533812,728,377,599,372,653,464,663,374,129,5,10,90
1754382524.389246,727,377,599,372,654,464,663,374,128,5,9,90
1754382524.4211452,724,377,595,371,653,464,659,374,129,6,6,90
1754382524.453224,723,378,595,372,654,465,659,375,128,6,5,90
1754382524.486047,724,378,595,372,653,465,659,375,129,6,6,90
1754382524.519242,724,378,595,372,653,465,659,375,129,6,6,90
1754382524.554795,724,378,595,372,653,465,659,375,129,6,6,90
1754382524.5862982,724,378,595,372,653,465,659,375,129,6,6,90
1754382524.6191921,724,378,596,372,654,465,660,375,128,6,6,90
1754382524.6535559,724,379,595,373,654,465,659,376,129,6,5,89
1754382524.687159,724,379,596,372,654,466,660,375,128,7,6,91
1754382524.72016,724,379,595,373,654,466,659,376,129,6,5,90
1754382524.753417,724,379,596,373,654,466,660,376,128,6,6,90
1754382524.788724,725,380,596,373,654,466,660,376,129,7,6,90
1754382524.820865,725,379,596,372,654,466,660,375,129,7,6,91
1754382524.853128,725,379,596,372,654,466,660,375,129,7,6,91
1754382524.886702,725,379,597,372,654,466,661,375,128,7,7,91
1754382524.920699,725,379,596,372,655,466,660,375,129,7,5,91
1754382524.953259,726,379,597,372,655,466,661,375,129,7,6,91
1754382524.9881852,725,379,597,373,655,466,661,376,128,6,6,90
1754382525.021197,726,379,597,373,655,466,661,376,129,6,6,90
1754382525.053498,725,379,597,373,655,466,661,376,128,6,6,90
1754382525.085751,725,379,596,373,654,466,660,376,129,6,6,90
1754382525.1193411,725,379,596,373,654,466,660,376,129,6,6,90
1754382525.153732,724,379,596,373,654,466,660,376,128,6,6,90
1754382525.187572,724,379,595,373,654,466,659,376,129,6,5,90
1754382525.2208252,724,379,595,373,654,466,659,376,129,6,5,90
1754382525.253705,724,379,595,373,654,466,659,376,129,6,5,90
1754382525.285939,724,380,595,373,653,466,659,376,129,7,6,90
1754382525.3207529,723,380,594,374,652,467,658,377,129,6,6,90
1754382525.352663,722,380,593,375,652,468,657,377,129,5,5,91
1754382525.387604,721,381,592,375,651,468,656,378,129,6,5,90
1754382525.4197361,721,381,592,376,650,468,656,378,129,5,6,90
1754382525.452332,721,381,592,376,650,469,656,378,129,5,6,91
1754382525.485385,721,382,592,377,650,469,656,379,129,5,6,90
1754382525.519673,721,382,592,377,650,469,656,379,129,5,6,90
1754382525.552981,721,382,592,377,650,469,656,379,129,5,6,90
1754382525.5858,722,382,592,377,650,469,657,379,130,5,7,90
1754382525.619859,721,382,592,377,650,469,656,379,129,5,6,90
1754382525.651808,722,382,592,377,650,470,657,379,130,5,7,91
1754382525.685645,722,382,592,377,650,470,657,379,130,5,7,91
1754382525.719628,723,382,593,377,651,469,658,379,130,5,7,90
1754382525.752126,723,382,593,377,651,469,658,379,130,5,7,90
1754382525.786308,724,382,594,376,652,469,659,379,130,6,7,90
1754382525.820012,724,382,594,376,653,469,659,379,130,6,6,90
1754382525.851755,724,381,595,376,653,469,659,378,129,5,6,91
1754382525.885932,724,381,595,376,653,469,659,378,129,5,6,91
1754382525.9196742,725,381,595,376,653,469,660,378,130,5,7,91
1754382525.952777,724,381,595,376,654,468,659,378,129,5,5,90
1754382525.987007,725,381,596,375,654,468,660,378,129,6,6,90
1754382526.019862,725,381,596,375,654,468,660,378,129,6,6,90
1754382526.053188,725,381,596,375,654,468,660,378,129,6,6,90
1754382526.086886,725,381,596,375,654,468,660,378,129,6,6,90
1754382526.120461,725,380,596,375,655,468,660,377,129,5,5,91
1754382526.1524322,725,381,597,375,655,468,661,378,128,6,6,90
1754382526.1861062,726,381,597,375,655,468,661,378,129,6,6,90
1754382526.219338,726,381,596,375,655,468,661,378,130,6,6,90
1754382526.252649,726,380,597,375,655,467,661,377,129,5,6,90
1754382526.2859678,726,380,597,375,655,467,661,377,129,5,6,90
1754382526.3184268,726,380,597,375,655,468,661,377,129,5,6,91
1754382526.352515,726,380,597,375,655,467,661,377,129,5,6,90
1754382526.386014,726,380,597,375,655,468,661,377,129,5,6,91
1754382526.416219,726,380,597,375,655,467,661,377,129,5,6,90
1754382526.452458,726,380,597,375,655,468,661,377,129,5,6,91
1754382526.485417,726,380,597,375,655,468,661,377,129,5,6,91
1754382526.521395,726,380,597,375,655,468,661,377,129,5,6,91
1754382526.553088,726,380,597,375,655,467,661,377,129,5,6,90
1754382526.58528,726,380,596,375,655,468,661,377,130,5,6,91
1754382526.62164,726,380,597,375,655,468,661,377,129,5,6,91
1754382526.653604,726,380,597,375,655,467,661,377,129,5,6,90
1754382526.6869571,726,380,597,375,655,468,661,377,129,5,6,91
1754382526.720486,726,380,597,374,655,468,661,377,129,6,6,91
1754382526.752413,726,380,597,374,656,467,661,377,129,6,5,90
1754382526.787157,727,380,597,375,656,468,662,377,130,5,6,91
1754382526.818445,726,380,598,374,656,467,662,377,128,6,6,90
1754382526.852322,727,380,597,375,656,467,662,377,130,5,6,90
1754382526.888155,727,380,598,375,656,468,662,377,129,5,6,91
1754382526.920288,727,381,598,375,657,468,662,378,129,6,5,90
1754382526.9535701,728,381,598,375,657,468,663,378,130,6,6,90
1754382526.986495,728,381,599,374,657,468,663,377,129,7,6,91
1754382527.018998,728,381,598,374,657,468,663,377,130,7,6,91
1754382527.052757,728,381,598,374,657,468,663,377,130,7,6,91
1754382527.0880508,728,381,599,374,657,468,663,377,129,7,6,91
1754382527.1185338,728,381,598,374,658,468,663,377,130,7,5,91
1754382527.1530051,728,381,599,373,657,467,663,377,129,8,6,90
1754382527.185507,727,379,597,373,656,466,662,376,130,6,6,90
1754382527.217982,726,378,595,371,654,465,660,374,131,7,6,91
1754382527.252346,724,377,594,370,651,464,659,373,130,7,8,91
1754382527.287652,722,376,592,369,648,463,657,372,130,7,9,91
1754382527.317726,719,375,590,368,645,461,654,371,129,7,9,90
1754382527.3518982,717,374,587,367,643,460,652,370,130,7,9,90
1754382527.3878798,714,373,585,367,641,459,649,370,129,6,8,89
1754382527.418005,713,372,582,366,638,459,647,369,131,6,9,90
1754382527.45171,711,371,581,366,637,458,646,368,130,5,9,90
1754382527.487498,709,371,580,366,635,458,644,368,129,5,9,90
1754382527.519928,708,371,579,365,633,458,643,368,129,6,10,90
1754382527.551161,708,371,578,365,633,457,643,368,130,6,10,89
1754382527.585064,707,371,578,365,633,457,642,368,129,6,9,89
1754382527.6211479,707,371,578,365,632,457,642,368,129,6,10,89
1754382527.6527412,707,371,578,365,632,457,642,368,129,6,10,89
1754382527.687619,707,371,577,365,632,457,642,368,130,6,10,89
1754382527.71981,707,371,577,365,632,457,642,368,130,6,10,89
1754382527.752684,707,371,577,365,632,457,642,368,130,6,10,89
1754382527.787412,706,371,577,365,632,458,641,368,129,6,9,90
1754382527.82005,707,371,577,365,633,458,642,368,130,6,9,90
1754382527.85114,707,372,577,366,633,458,642,369,130,6,9,89
1754382527.888104,708,373,578,366,634,458,643,369,130,7,9,89
1754382527.9202821,709,373,580,365,635,458,644,369,129,8,9,89
1754382527.952956,714,373,584,365,639,458,649,369,130,8,10,89
1754382527.987057,720,372,590,365,647,459,655,368,130,7,8,91
1754382528.01898,728,372,599,365,658,459,663,368,129,7,5,91
1754382528.0516,736,371,609,366,670,459,672,368,127,5,2,91
1754382528.08528,741,372,616,366,679,460,678,369,125,6,1,91
1754382528.118617,745,372,622,366,685,459,683,369,123,6,2,90
1754382528.15137,749,372,628,366,691,460,688,369,121,6,3,91
1754382528.187006,751,373,630,366,693,460,690,369,121,7,3,91
1754382528.220384,751,373,632,366,694,460,691,369,119,7,3,91
1754382528.251528,752,373,632,366,694,460,692,369,120,7,2,91
1754382528.287182,752,373,632,366,694,460,692,369,120,7,2,91
1754382528.319811,751,373,632,366,693,460,691,369,119,7,2,91
1754382528.35174,751,374,630,367,691,461,690,370,121,7,1,91
1754382528.387226,750,375,628,368,690,461,689,371,122,7,1,90
1754382528.418425,749,376,626,368,688,462,687,372,123,8,1,90
1754382528.451147,748,376,624,368,685,462,686,372,124,8,1,90
1754382528.48701,747,377,623,369,684,463,685,373,124,8,1,90
1754382528.5199559,746,377,621,369,682,464,683,373,125,8,1,91
1754382528.551252,744,378,621,370,681,464,682,374,123,8,1,90
1754382528.587407,744,381,621,373,680,466,682,377,123,8,2,89
1754382528.62005,744,387,620,380,678,469,682,383,124,7,4,86
1754382528.651166,741,388,616,380,675,470,678,384,125,8,3,86
1754382528.6871822,740,388,609,380,671,470,674,384,131,8,3,86
1754382528.71974,737,386,610,377,669,470,673,381,127,9,4,89
1754382528.751947,736,385,607,376,664,470,671,380,129,9,7,90
1754382528.787092,731,385,602,375,659,470,666,380,129,10,7,90
1754382528.8198662,729,383,600,374,654,469,664,378,129,9,10,91
1754382528.851003,725,383,595,374,650,469,660,378,130,9,10,91
1754382528.884515,723,383,592,373,647,468,657,378,131,10,10,90
1754382528.92029,720,383,591,373,646,469,655,378,129,10,9,91
1754382528.952426,721,383,590,375,645,469,655,379,131,8,10,90
1754382528.986809,720,383,589,375,645,470,654,379,131,8,9,91
1754382529.019286,720,383,589,376,645,471,654,379,131,7,9,92
1754382529.052223,720,384,589,377,645,471,654,380,131,7,9,91
1754382529.086968,719,384,588,378,644,472,653,381,131,6,9,91
1754382529.119165,718,385,587,379,644,472,652,382,131,6,8,90
1754382529.15204,717,385,586,379,644,473,651,382,131,6,7,91
1754382529.184911,717,386,586,380,643,474,651,383,131,6,8,91
1754382529.2198179,717,386,586,381,643,474,651,383,131,5,8,91
1754382529.252314,716,386,585,381,643,475,650,383,131,5,7,92
1754382529.28653,716,386,584,382,643,475,650,384,132,4,7,91
1754382529.319958,715,386,583,382,642,475,649,384,132,4,7,91
1754382529.351258,714,386,582,382,641,475,648,384,132,4,7,91
1754382529.386747,713,386,581,383,641,476,647,384,132,3,6,92
1754382529.4182882,711,386,579,383,639,476,645,384,132,3,6,92
1754382529.45069,710,386,578,383,638,476,644,384,132,3,6,92
1754382529.487081,708,386,578,383,637,476,643,384,130,3,6,92
1754382529.519181,707,386,576,383,636,476,641,384,131,3,5,92
1754382529.552364,706,385,575,383,634,476,640,384,131,2,6,92
1754382529.583806,705,385,574,383,634,475,639,384,131,2,5,91
1754382529.617472,704,385,573,383,633,476,638,384,131,2,5,92
1754382529.6518002,704,385,573,384,633,476,638,384,131,1,5,92
1754382529.6862028,703,385,571,384,631,476,637,384,132,1,6,92
1754382529.717968,702,385,571,384,631,476,636,384,131,1,5,92
1754382529.752652,701,385,570,384,630,476,635,384,131,1,5,92
1754382529.785965,700,385,569,384,629,476,634,384,131,1,5,92
1754382529.817176,699,385,568,384,628,476,633,384,131,1,5,92
1754382529.8511832,698,385,567,384,628,476,632,384,131,1,4,92
1754382529.886507,698,384,566,384,628,476,632,384,132,0,4,92
1754382529.9199,698,384,566,383,627,476,632,383,132,1,5,93
1754382529.951999,698,384,566,383,627,476,632,383,132,1,5,93
1754382529.9867609,698,384,566,383,627,475,632,383,132,1,5,92
1754382530.0179799,698,384,567,383,627,475,632,383,131,1,5,92
1754382530.0523891,698,384,567,383,627,475,632,383,131,1,5,92
1754382530.086835,698,384,567,383,627,475,632,383,131,1,5,92
1754382530.1195679,699,384,567,383,627,475,633,383,132,1,6,92
1754382530.1515641,699,384,568,383,628,475,633,383,131,1,5,92
1754382530.186153,699,387,568,386,628,476,633,386,131,1,5,90
1754382530.217366,700,390,570,390,628,478,635,390,130,0,7,88
1754382530.2505522,697,392,567,391,628,478,632,391,130,1,4,87
1754382530.2867048,700,390,569,389,629,477,634,389,131,1,5,88
1754382530.319262,700,387,568,386,629,476,634,386,132,1,5,90
1754382530.351084,701,385,568,384,629,476,634,384,133,1,5,92
1754382530.3860512,700,383,569,384,629,476,634,383,131,1,5,93
1754382530.4180968,701,384,568,383,630,475,634,383,133,1,4,92
1754382530.4514828,701,384,569,383,630,475,635,383,132,1,5,92
1754382530.48644,700,384,568,383,630,475,634,383,132,1,4,92
1754382530.51758,701,383,569,383,630,475,635,383,132,0,5,92
1754382530.551489,700,383,568,383,629,475,634,383,132,0,5,92
1754382530.586147,701,383,569,382,630,475,635,382,132,1,5,93
1754382530.619288,701,383,568,382,629,474,634,382,133,1,5,92
1754382530.650371,701,383,569,382,630,475,635,382,132,1,5,93
1754382530.686443,701,383,570,382,629,474,635,382,131,1,6,92
1754382530.7193139,702,383,571,382,631,474,636,382,131,1,5,92
1754382530.750695,702,383,571,383,630,474,636,383,131,0,6,91
1754382530.7836192,703,383,571,382,631,475,637,382,132,1,6,93
1754382530.818902,702,383,570,382,630,474,636,382,132,1,6,92
1754382530.849845,703,384,571,383,631,475,637,383,132,1,6,92
1754382530.883696,703,384,571,383,631,474,637,383,132,1,6,91
1754382530.9167712,704,384,571,383,631,475,637,383,133,1,6,92
1754382530.951971,703,384,571,383,631,475,637,383,132,1,6,92
1754382530.985067,704,384,572,383,631,476,638,383,132,1,7,93
1754382531.01838,703,384,571,383,631,475,637,383,132,1,6,92
1754382531.051889,704,384,572,383,631,475,638,383,132,1,7,92
1754382531.0844831,703,384,571,383,631,475,637,383,132,1,6,92
1754382531.119572,703,384,571,383,631,476,637,383,132,1,6,93
1754382531.1507058,702,385,570,383,631,476,636,384,132,2,5,92
1754382531.18607,703,384,571,383,631,476,637,383,132,1,6,93
1754382531.219509,702,385,570,383,631,475,636,384,132,2,5,91
1754382531.251478,703,385,571,384,631,476,637,384,132,1,6,92
1754382531.286051,702,385,570,383,631,475,636,384,132,2,5,91
1754382531.31648,703,385,571,384,631,476,637,384,132,1,6,92
1754382531.349967,702,385,571,383,631,475,636,384,131,2,5,91
1754382531.3840508,703,386,571,385,631,476,637,385,132,1,6,91
1754382531.418761,703,386,572,384,631,476,637,385,131,2,6,91
1754382531.451741,704,386,572,384,632,476,638,385,132,2,6,91
1754382531.48604,703,385,572,384,632,476,637,384,131,1,5,92
1754382531.519062,704,385,572,384,632,476,638,384,132,1,6,92
1754382531.5515342,703,385,572,384,632,476,637,384,131,1,5,92
1754382531.584225,704,385,572,384,632,476,638,384,132,1,6,92
1754382531.618195,703,385,572,384,632,475,637,384,131,1,5,91
1754382531.650304,704,384,572,383,632,475,638,383,132,1,6,92
1754382531.6850078,703,384,572,383,632,474,637,383,131,1,5,91
1754382531.719161,704,384,572,383,632,475,638,383,132,1,6,92
1754382531.751521,703,384,572,383,632,474,637,383,131,1,5,91
1754382531.785541,704,384,572,383,632,474,638,383,132,1,6,91
1754382531.818184,703,384,572,383,631,474,637,383,131,1,6,91
1754382531.849807,704,383,572,383,632,474,638,383,132,0,6,91
1754382531.8835268,703,383,572,382,631,474,637,382,131,1,6,92
1754382531.919061,704,384,572,383,632,474,638,383,132,1,6,91
1754382531.951308,703,383,572,382,631,474,637,382,131,1,6,92
1754382531.985754,704,384,572,383,632,474,638,383,132,1,6,91
1754382532.018823,703,383,572,382,631,474,637,382,131,1,6,92
1754382532.052026,704,384,572,382,632,474,638,383,132,2,6,91
1754382532.085356,703,384,572,382,632,474,637,383,131,2,5,91
1754382532.118755,704,383,572,382,632,474,638,382,132,1,6,92
1754382532.150316,703,384,572,382,632,474,637,383,131,2,5,91
1754382532.185171,704,384,573,382,632,474,638,383,131,2,6,91
1754382532.218821,704,384,573,383,632,474,638,383,131,1,6,91
1754382532.251337,705,384,573,383,633,474,639,383,132,1,6,91
1754382532.2856152,705,384,573,382,633,474,639,383,132,2,6,91
1754382532.3185081,705,384,573,383,633,475,639,383,132,1,6,92
1754382532.349559,705,384,574,382,633,474,639,383,131,2,6,91
1754382532.383286,705,384,573,383,633,474,639,383,132,1,6,91
1754382532.4492102,705,384,573,382,633,475,639,383,132,2,6,92
1754382532.4839182,705,384,573,382,633,474,639,383,132,2,6,91
1754382532.517817,705,384,573,382,633,474,639,383,132,2,6,91
1754382532.5500422,705,384,573,383,633,474,639,383,132,1,6,91
1754382532.5852742,705,384,573,382,633,474,639,383,132,2,6,91
1754382532.618332,705,383,573,382,633,474,639,382,132,1,6,92
1754382532.651212,704,384,573,382,633,474,638,383,131,2,5,91
1754382532.6848881,705,384,573,382,633,474,639,383,132,2,6,91
1754382532.718274,705,383,573,381,633,474,639,382,132,2,6,92
1754382532.749291,705,382,574,381,633,474,639,381,131,1,6,93
1754382532.785101,705,382,573,381,633,473,639,381,132,1,6,92
1754382532.8158011,705,382,574,381,633,474,639,381,131,1,6,93
1754382532.8509371,705,382,573,380,633,473,639,381,132,2,6,92
1754382532.885684,706,382,574,381,633,473,640,381,132,1,7,92
1754382532.917249,705,382,574,381,633,473,639,381,131,1,6,92
1754382532.949781,706,382,574,381,633,474,640,381,132,1,7,93
1754382532.9853818,705,382,573,381,633,473,639,381,132,1,6,92
1754382533.017403,706,382,574,381,633,473,640,381,132,1,7,92
1754382533.051324,705,382,574,381,633,473,639,381,131,1,6,92
1754382533.0851672,705,382,574,381,633,474,639,381,131,1,6,93
1754382533.118572,705,382,573,381,633,473,639,381,132,1,6,92
1754382533.1511738,705,382,574,381,633,474,639,381,131,1,6,93
1754382533.185317,705,382,573,380,633,473,639,381,132,2,6,92
1754382533.218634,705,382,574,381,633,474,639,381,131,1,6,93
1754382533.251006,704,383,573,381,633,473,638,382,131,2,5,91
1754382533.2848582,704,388,574,386,632,476,639,387,130,2,7,89
1754382533.318322,703,393,571,388,632,477,637,390,132,5,5,87
1754382533.349109,705,388,574,387,633,476,639,387,131,1,6,89
1754382533.383028,705,385,573,384,632,475,639,384,132,1,7,91
1754382533.416304,705,384,573,383,633,475,639,383,132,1,6,92
1754382533.450829,705,384,573,382,633,474,639,383,132,2,6,91
1754382533.48302,705,383,573,381,633,474,639,382,132,2,6,92
1754382533.518304,705,383,573,381,633,474,639,382,132,2,6,92
1754382533.5506701,706,383,574,381,634,474,640,382,132,2,6,92
1754382533.5849972,705,383,574,381,633,474,639,382,131,2,6,92
1754382533.618249,706,383,574,381,634,474,640,382,132,2,6,92
1754382533.6511328,706,383,574,381,634,474,640,382,132,2,6,92
1754382533.684918,706,383,575,381,634,474,640,382,131,2,6,92
1754382533.7180438,706,383,574,381,634,474,640,382,132,2,6,92
1754382533.750647,706,383,574,381,634,474,640,382,132,2,6,92
1754382533.782733,706,383,574,381,633,474,640,382,132,2,7,92
1754382533.818064,706,383,574,382,633,474,640,382,132,1,7,92
1754382533.84931,706,384,574,382,633,474,640,383,132,2,7,91
1754382533.8851578,706,384,574,383,633,475,640,383,132,1,7,92
1754382533.918304,705,385,574,383,633,475,639,384,131,2,6,91
1754382533.948925,706,385,574,383,634,475,640,384,132,2,6,91
1754382533.982542,706,385,575,384,634,476,640,384,131,1,6,92
1754382534.016215,708,387,575,384,635,476,641,385,133,3,6,91
1754382534.049508,709,386,577,384,636,476,643,385,132,2,7,91
1754382534.0832372,710,386,579,383,637,476,644,384,131,3,7,92
1754382534.116674,712,386,581,383,639,476,646,384,131,3,7,92
1754382534.148631,716,385,584,382,644,475,650,383,132,3,6,92
1754382534.182716,721,385,590,382,652,475,655,383,131,3,3,92
1754382534.2137432,728,385,597,382,659,475,662,383,131,3,3,92
1754382534.247417,735,383,607,381,669,474,671,382,128,2,2,92
1754382534.279945,742,382,617,380,681,474,679,381,125,2,2,93
1754382534.314032,749,383,626,378,691,473,687,380,123,5,4,93
1754382534.347407,755,381,636,378,700,472,695,379,119,3,5,93
1754382534.381799,761,381,644,377,709,472,702,379,117,4,7,93
1754382534.4153569,766,381,651,377,717,471,708,379,115,4,9,92
1754382534.452557,771,381,660,376,722,470,715,378,111,5,7,92
1754382534.486304,775,382,665,377,727,471,720,379,110,5,7,92
1754382534.518466,779,382,670,377,731,471,724,379,109,5,7,92
1754382534.551195,782,383,674,377,734,471,728,380,108,6,6,91
1754382534.584478,784,384,676,377,736,471,730,380,108,7,6,91
1754382534.6194701,785,385,678,376,737,471,731,380,107,9,6,91
1754382534.652257,786,385,679,376,737,472,732,380,107,9,5,92
1754382534.6844952,787,385,679,376,738,472,733,380,108,9,5,92
1754382534.7183669,787,386,678,376,737,473,732,381,109,10,5,92
1754382534.751271,787,386,678,377,737,472,732,381,109,9,5,91
1754382534.784759,787,386,677,376,736,473,732,381,110,10,4,92
1754382534.817857,786,386,677,376,736,472,731,381,109,10,5,91
1754382534.849194,786,387,677,375,735,472,731,381,109,12,4,91
1754382534.882866,785,386,675,375,734,472,730,380,110,11,4,92
1754382534.91695,782,385,672,375,731,472,727,380,110,10,4,92
1754382534.948639,778,385,664,375,724,471,721,380,114,10,3,91
1754382534.9839628,770,384,653,374,712,470,711,379,117,10,1,91
1754382535.016581,760,384,636,372,697,469,698,378,124,12,1,91
1754382535.050057,748,382,619,373,679,468,683,377,129,9,4,91
1754382535.084468,732,381,603,372,657,466,667,376,129,9,10,90
1754382535.1154509,717,380,587,371,640,465,652,375,130,9,12,90
1754382535.1502552,703,379,574,371,627,464,638,375,129,8,11,89
1754382535.18255,693,376,566,370,616,462,629,373,127,6,13,89
1754382535.216813,685,374,558,370,610,461,621,372,127,4,11,89
1754382535.25047,679,373,554,370,604,460,616,371,125,3,12,89
1754382535.28427,675,372,550,369,602,460,612,370,125,3,10,90
1754382535.316399,674,370,548,370,601,460,611,370,126,0,10,90
1754382535.350216,674,370,548,370,600,460,611,370,126,0,11,90
1754382535.3821912,675,370,548,370,601,460,611,370,127,0,10,90
1754382535.415442,676,370,548,371,602,459,612,370,128,1,10,89
1754382535.4500911,676,370,548,371,603,460,612,370,128,1,9,90
1754382535.48421,676,370,548,371,604,460,612,370,128,1,8,90
1754382535.5172968,675,370,547,371,603,460,611,370,128,1,8,90
1754382535.5501509,676,371,548,372,605,460,612,371,128,1,7,89
1754382535.583582,678,371,549,371,606,460,613,371,129,0,7,89
1754382535.617147,681,370,552,371,608,460,616,370,129,1,8,90
1754382535.648702,684,371,555,371,612,461,619,371,129,0,7,90
1754382535.68392,689,371,559,371,617,461,624,371,130,0,7,90
1754382535.717654,693,373,563,370,621,461,628,371,130,3,7,90
1754382535.749951,698,373,567,371,626,462,632,372,131,2,6,90
1754382535.7836459,703,374,572,372,631,463,637,373,131,2,6,90
1754382535.8144882,707,376,576,373,635,464,641,374,131,3,6,90
1754382535.848468,710,376,580,372,639,465,645,374,130,4,6,91
1754382535.881464,714,376,583,373,643,465,648,374,131,3,5,91
1754382535.91535,716,377,586,373,645,465,651,375,130,4,6,90
1754382535.949997,717,378,587,373,646,466,652,375,130,5,6,91
1754382535.9819431,718,378,588,373,646,466,653,375,130,5,7,91
1754382536.0156212,718,379,588,373,646,466,653,376,130,6,7,90
1754382536.048606,718,379,588,373,646,466,653,376,130,6,7,90
1754382536.08409,718,379,588,373,646,466,653,376,130,6,7,90
1754382536.117163,718,379,588,373,646,466,653,376,130,6,7,90
1754382536.1497312,718,380,588,374,645,466,653,377,130,6,8,89
1754382536.18153,718,379,588,374,645,466,653,376,130,5,8,90
1754382536.217278,717,380,587,374,645,467,652,377,130,6,7,90
1754382536.250241,718,379,587,375,645,467,652,377,131,4,7,90
1754382536.2839098,717,380,587,375,645,468,652,377,130,5,7,91
1754382536.317078,717,380,587,376,645,468,652,378,130,4,7,90
1754382536.349536,717,381,586,377,645,469,651,379,131,4,6,90
1754382536.381848,717,381,586,377,646,469,651,379,131,4,5,90
1754382536.42155,717,381,586,378,646,469,651,379,131,3,5,90
1754382536.4604008,717,382,587,378,646,470,652,380,130,4,6,90
1754382536.481817,718,382,587,378,646,470,652,380,131,4,6,90
1754382536.5163,718,382,588,378,647,470,653,380,130,4,6,90
1754382536.5491,719,382,588,377,647,470,653,379,131,5,6,91
1754382536.582535,718,382,589,378,647,470,653,380,129,4,6,90
1754382536.6155388,719,383,589,378,647,471,654,380,130,5,7,91
1754382536.649327,719,383,589,378,647,471,654,380,130,5,7,91
1754382536.682859,719,383,589,378,647,471,654,380,130,5,7,91
1754382536.7140841,719,383,588,378,647,471,653,380,131,5,6,91
1754382536.7491121,719,383,589,378,647,471,654,380,130,5,7,91
1754382536.7838662,719,383,588,378,647,471,653,380,131,5,6,91
1754382536.8152719,720,383,589,379,647,472,654,381,131,4,7,91
1754382536.848864,720,383,589,379,647,472,654,381,131,4,7,91
1754382536.8829079,720,384,589,379,647,472,654,381,131,5,7,91
1754382536.9162052,720,384,589,379,647,472,654,381,131,5,7,91
1754382536.949483,720,384,589,379,648,472,654,381,131,5,6,91
1754382536.98287,720,385,589,379,648,472,654,382,131,6,6,90
1754382537.0155652,720,385,589,379,648,472,654,382,131,6,6,90
1754382537.049164,721,385,590,379,648,472,655,382,131,6,7,90
1754382537.083044,721,385,590,380,648,473,655,382,131,5,7,91
1754382537.1168268,721,385,590,380,648,473,655,382,131,5,7,91
1754382537.149581,720,385,589,380,648,473,654,382,131,5,6,91
1754382537.181024,720,386,589,380,647,473,654,383,131,6,7,90
1754382537.2168372,720,385,589,380,647,473,654,382,131,5,7,91
1754382537.247881,720,385,589,380,647,473,654,382,131,5,7,91
1754382537.281565,720,385,589,380,647,473,654,382,131,5,7,91
1754382537.316341,719,385,588,380,647,473,653,382,131,5,6,91
1754382537.349605,719,385,588,379,647,473,653,382,131,6,6,91
1754382537.3814259,719,385,588,379,646,473,653,382,131,6,7,91
1754382537.4140959,719,384,588,379,646,473,653,381,131,5,7,92
1754382537.4487638,718,384,587,380,646,473,652,382,131,4,6,91
1754382537.479855,718,384,587,379,646,473,652,381,131,5,6,92
1754382537.512199,718,384,587,380,646,473,652,382,131,4,6,91
1754382537.545714,718,384,587,380,645,473,652,382,131,4,7,91
1754382537.581837,721,385,591,380,646,473,656,382,130,5,10,91
1754382537.615458,721,385,591,381,646,473,656,383,130,4,10,90
1754382537.649554,721,385,591,380,646,473,656,382,130,5,10,91
1754382537.68399,721,385,591,381,646,472,656,383,130,4,10,89
1754382537.7162502,721,385,591,381,645,473,656,383,130,4,11,90
1754382537.7483149,721,385,591,380,645,472,656,382,130,5,11,90
1754382537.78255,721,385,591,381,645,472,656,383,130,4,11,89
1754382537.815166,722,384,592,380,646,472,657,382,130,4,11,90
1754382537.847444,722,385,592,380,646,472,657,382,130,5,11,90
1754382537.881141,721,387,593,383,646,473,657,385,128,4,11,88
1754382537.91572,720,392,591,386,646,474,655,389,129,6,9,85
1754382537.9498858,716,392,585,386,645,474,650,389,131,6,5,85
1754382537.9818912,716,392,588,386,645,474,652,389,128,6,7,85
1754382538.0152802,719,391,588,385,646,474,653,388,131,6,7,86
1754382538.046795,720,387,589,382,647,473,654,384,131,5,7,89
1754382538.083013,719,385,589,381,647,472,654,383,130,4,7,89
1754382538.114771,720,384,588,380,647,472,654,382,132,4,7,90
1754382538.1490078,720,384,589,379,647,471,654,381,131,5,7,90
1754382538.182476,719,383,589,378,648,471,654,380,130,5,6,91
1754382538.2142239,720,383,589,378,648,471,654,380,131,5,6,91
1754382538.247168,720,383,589,378,647,471,654,380,131,5,7,91
1754382538.2823832,720,383,589,379,648,471,654,381,131,4,6,90
1754382538.3153138,720,383,589,378,648,471,654,380,131,5,6,91
1754382538.34759,720,383,589,378,647,471,654,380,131,5,7,91
1754382538.381006,720,383,589,378,647,471,654,380,131,5,7,91
1754382538.414418,720,383,589,378,647,471,654,380,131,5,7,91
1754382538.448585,720,383,589,378,647,471,654,380,131,5,7,91
1754382538.48209,720,383,589,378,647,471,654,380,131,5,7,91
1754382538.51572,720,383,589,378,647,471,654,380,131,5,7,91
1754382538.549376,720,383,589,378,647,471,654,380,131,5,7,91
1754382538.581821,720,383,589,378,647,471,654,380,131,5,7,91
1754382538.6144729,720,383,589,378,647,472,654,380,131,5,7,92
1754382538.647698,720,383,589,378,647,472,654,380,131,5,7,92
1754382538.681416,720,383,589,378,647,472,654,380,131,5,7,92
1754382538.71552,720,383,589,378,647,472,654,380,131,5,7,92
1754382538.747921,720,383,589,378,647,472,654,380,131,5,7,92
1754382538.781058,721,383,589,378,647,472,655,380,132,5,8,92
1754382538.8135118,720,383,588,379,647,472,654,381,132,4,7,91
1754382538.847991,720,384,588,378,647,472,654,381,132,6,7,91
1754382538.880894,719,384,588,379,647,472,653,381,131,5,6,91
1754382538.915545,719,384,588,378,647,472,653,381,131,6,6,91
1754382538.948652,719,384,588,378,647,472,653,381,131,6,6,91
1754382538.981295,719,384,588,378,647,472,653,381,131,6,6,91
1754382539.013451,719,383,588,378,647,472,653,380,131,5,6,92
1754382539.047276,719,384,588,378,647,472,653,381,131,6,6,91
1754382539.079013,719,384,588,378,647,472,653,381,131,6,6,91
1754382539.114775,719,384,588,379,647,472,653,381,131,5,6,91
1754382539.148649,719,384,588,378,647,472,653,381,131,6,6,91
1754382539.18208,720,384,589,379,647,472,654,381,131,5,7,91
1754382539.2145689,720,384,589,378,647,472,654,381,131,6,7,91
1754382539.2481642,720,384,588,378,647,472,654,381,132,6,7,91
1754382539.282347,720,384,589,378,647,472,654,381,131,6,7,91
1754382539.315252,720,384,589,378,647,472,654,381,131,6,7,91
1754382539.346518,720,384,589,378,647,472,654,381,131,6,7,91
1754382539.379932,720,384,588,378,647,472,654,381,132,6,7,91
1754382539.414001,720,384,588,378,647,472,654,381,132,6,7,91
1754382539.44867,720,384,588,379,647,472,654,381,132,5,7,91
1754382539.4825401,720,384,588,378,647,472,654,381,132,6,7,91
1754382539.5135942,719,384,588,378,647,473,653,381,131,6,6,92
1754382539.547979,719,384,588,378,647,472,653,381,131,6,6,91
1754382539.581938,719,384,588,378,647,472,653,381,131,6,6,91
1754382539.614651,719,384,588,378,647,472,653,381,131,6,6,91
1754382539.6480079,719,384,588,378,647,472,653,381,131,6,6,91
1754382539.681979,719,384,588,379,646,473,653,381,131,5,7,92
1754382539.71502,719,384,588,378,647,472,653,381,131,6,6,91
1754382539.7471502,720,384,588,378,647,472,654,381,132,6,7,91
1754382539.781334,720,383,588,378,647,472,654,380,132,5,7,92
1754382539.81388,720,384,588,378,647,472,654,381,132,6,7,91
1754382539.846401,720,384,589,378,647,472,654,381,131,6,7,91
1754382539.8812668,720,384,589,378,647,472,654,381,131,6,7,91
1754382539.91473,720,384,589,378,647,472,654,381,131,6,7,91
1754382539.947,720,384,589,379,647,472,654,381,131,5,7,91
1754382539.980813,721,384,589,378,647,472,655,381,132,6,8,91
1754382540.013314,720,384,589,378,647,472,654,381,131,6,7,91
1754382540.047522,721,384,589,379,647,472,655,381,132,5,8,91
1754382540.08137,723,384,591,379,648,472,657,381,132,5,9,91
1754382540.1141,724,385,593,379,648,473,658,382,131,6,10,91
1754382540.147804,724,384,593,379,648,472,658,381,131,5,10,91
1754382540.181768,724,384,593,379,648,472,658,381,131,5,10,91
1754382540.21401,723,384,592,379,648,472,657,381,131,5,9,91
1754382540.246753,723,384,592,379,648,472,657,381,131,5,9,91
1754382540.279597,723,383,592,379,648,472,657,381,131,4,9,91
1754382540.313504,723,383,592,379,647,472,657,381,131,4,10,91
1754382540.346087,723,383,592,379,647,472,657,381,131,4,10,91
1754382540.379759,723,384,592,379,647,472,657,381,131,5,10,91
1754382540.412653,723,383,592,378,647,472,657,380,131,5,10,92
1754382540.447401,721,383,589,378,647,472,655,380,132,5,8,92
1754382540.482253,720,383,588,378,647,472,654,380,132,5,7,92
1754382540.513577,719,383,588,377,647,471,653,380,131,6,6,91
1754382540.5485141,720,383,588,378,647,472,654,380,132,5,7,92
1754382540.580758,720,383,588,378,646,472,654,380,132,5,8,92
1754382540.614055,720,383,588,378,647,472,654,380,132,5,7,92
1754382540.648315,720,383,588,377,647,472,654,380,132,6,7,92
1754382540.681319,720,383,588,378,647,472,654,380,132,5,7,92
1754382540.7136252,720,383,588,377,647,472,654,380,132,6,7,92
1754382540.746037,720,384,589,378,647,472,654,381,131,6,7,91
1754382540.779955,720,383,589,378,647,472,654,380,131,5,7,92
1754382540.814016,720,383,589,377,647,472,654,380,131,6,7,92
1754382540.845933,720,383,589,377,647,472,654,380,131,6,7,92
1754382540.880258,720,383,588,377,647,472,654,380,132,6,7,92
1754382540.914049,720,383,589,377,647,472,654,380,131,6,7,92
1754382540.94752,720,383,588,378,647,472,654,380,132,5,7,92
1754382540.981427,720,383,589,378,647,472,654,380,131,5,7,92
1754382541.0124018,720,383,589,378,647,471,654,380,131,5,7,91
1754382541.0469341,720,383,589,377,647,472,654,380,131,6,7,92
1754382541.081675,721,383,589,377,647,472,655,380,132,6,8,92
1754382541.113625,721,383,590,377,647,471,655,380,131,6,8,91
1754382541.1480472,723,383,592,378,648,471,657,380,131,5,9,91
1754382541.180183,723,383,592,378,648,471,657,380,131,5,9,91
1754382541.213242,723,383,592,378,648,471,657,380,131,5,9,91
1754382541.248172,723,383,592,378,648,471,657,380,131,5,9,91
1754382541.281348,723,383,592,378,648,471,657,380,131,5,9,91
1754382541.3137522,723,383,592,379,648,471,657,381,131,4,9,90
1754382541.347394,722,384,592,378,648,471,657,381,130,6,9,90
1754382541.379026,723,383,592,378,648,471,657,380,131,5,9,91
1754382541.412396,723,384,592,378,648,471,657,381,131,6,9,90
1754382541.447739,723,383,592,378,648,471,657,380,131,5,9,91
1754382541.4810638,722,384,592,378,648,472,657,381,130,6,9,91
1754382541.513812,723,383,592,378,648,471,657,380,131,5,9,91
1754382541.545822,722,384,592,378,648,471,657,381,130,6,9,90
1754382541.579227,722,383,591,378,648,471,656,380,131,5,8,91
1754382541.6142762,718,384,587,377,647,471,652,380,131,7,5,91
1754382541.647743,717,383,586,378,647,471,651,380,131,5,4,91
1754382541.681283,717,383,586,377,647,471,651,380,131,6,4,91
1754382541.7134988,717,384,586,377,647,471,651,380,131,7,4,91
1754382541.746285,716,384,585,377,647,471,650,380,131,7,3,91
1754382541.78008,716,383,584,377,646,471,650,380,132,6,4,91
1754382541.8123,711,383,581,377,646,471,646,380,130,6,0,91
1754382541.846326,711,383,581,376,646,471,646,379,130,7,0,92
1754382541.879041,711,383,581,376,646,471,646,379,130,7,0,92
1754382541.912549,712,383,581,376,646,470,646,379,131,7,0,91
1754382541.9454138,711,383,581,376,646,471,646,379,130,7,0,92
1754382541.979299,711,383,581,376,646,470,646,379,130,7,0,91
1754382542.0119832,711,383,581,376,646,470,646,379,130,7,0,91
1754382542.0462599,711,383,581,376,646,470,646,379,130,7,0,91
1754382542.079502,712,383,582,376,646,470,647,379,130,7,1,91
1754382542.112659,712,383,583,376,646,470,647,379,129,7,1,91
1754382542.146049,713,383,582,376,646,470,647,379,131,7,1,91
1754382542.179435,713,383,582,376,646,470,647,379,131,7,1,91
1754382542.212706,713,383,583,376,646,470,648,379,130,7,2,91
1754382542.246111,713,383,582,376,646,470,647,379,131,7,1,91
1754382542.279156,713,383,582,376,646,470,647,379,131,7,1,91
1754382542.31262,713,382,582,376,646,470,647,379,131,6,1,91
1754382542.3471942,713,382,582,376,646,470,647,379,131,6,1,91
1754382542.378773,714,382,583,376,646,470,648,379,131,6,2,91
1754382542.4126332,714,382,583,376,646,470,648,379,131,6,2,91
1754382542.4472268,714,382,583,376,646,470,648,379,131,6,2,91
1754382542.480903,714,382,583,376,646,470,648,379,131,6,2,91
1754382542.512629,713,382,583,376,646,470,648,379,130,6,2,91
1754382542.54564,713,382,583,376,646,470,648,379,130,6,2,91
1754382542.580255,714,382,583,376,646,470,648,379,131,6,2,91
1754382542.6131709,714,382,584,375,646,470,649,378,130,7,3,92
1754382542.6459892,718,381,588,374,647,469,653,377,130,7,6,92
1754382542.6811242,718,381,588,375,647,469,653,378,130,6,6,91
1754382542.712964,718,381,587,374,647,469,652,377,131,7,5,92
1754382542.7469969,719,381,587,375,647,469,653,378,132,6,6,91
1754382542.780632,719,381,588,375,647,469,653,378,131,6,6,91
1754382542.812265,719,381,587,375,647,469,653,378,132,6,6,91
1754382542.844913,719,381,588,374,647,469,653,377,131,7,6,92
1754382542.87981,719,381,588,375,647,469,653,378,131,6,6,91
1754382542.9134169,719,381,588,375,647,469,653,378,131,6,6,91
1754382542.94735,719,381,588,375,647,469,653,378,131,6,6,91
1754382542.980903,719,381,588,375,647,469,653,378,131,6,6,91
1754382543.013078,719,381,588,375,647,470,653,378,131,6,6,92
1754382543.045658,719,381,588,375,647,470,653,378,131,6,6,92
1754382543.080178,715,383,584,377,647,470,649,380,131,6,2,90
1754382543.112651,714,383,583,377,646,470,648,380,131,6,2,90
1754382543.14726,714,382,583,376,646,470,648,379,131,6,2,91
1754382543.179204,714,382,583,376,646,470,648,379,131,6,2,91
1754382543.2131991,713,382,583,376,646,470,648,379,130,6,2,91
1754382543.247073,714,382,583,376,646,470,648,379,131,6,2,91
1754382543.280224,714,382,583,376,646,470,648,379,131,6,2,91
1754382543.3129358,713,382,583,376,646,470,648,379,130,6,2,91
1754382543.3468711,713,382,583,376,646,470,648,379,130,6,2,91
1754382543.379532,714,382,583,376,646,470,648,379,131,6,2,91
1754382543.41182,714,382,583,376,646,470,648,379,131,6,2,91
1754382543.447841,714,382,583,376,646,470,648,379,131,6,2,91
1754382543.478464,714,382,583,375,646,469,648,378,131,7,2,91
1754382543.512955,714,382,583,375,646,469,648,378,131,7,2,91
1754382543.546009,714,381,584,375,646,469,649,378,130,6,3,91
1754382543.5787141,714,381,584,374,647,469,649,377,130,7,2,92
1754382543.612166,715,381,584,374,647,469,649,377,131,7,2,92
1754382543.6464481,714,381,584,374,647,469,649,377,130,7,2,92
1754382543.677055,714,381,584,375,647,469,649,378,130,6,2,91
1754382543.7116401,714,381,583,375,646,469,648,378,131,6,2,91
1754382543.746482,714,381,583,375,646,469,648,378,131,6,2,91
1754382543.7779179,713,381,582,375,645,469,647,378,131,6,2,91
1754382543.8208299,712,382,582,375,645,469,647,378,130,7,2,91
1754382543.885012,711,381,581,375,644,469,646,378,130,6,2,91
1754382543.9109828,711,381,580,375,644,469,645,378,131,6,1,91
1754382543.9427872,711,381,581,375,644,469,646,378,130,6,2,91
1754382543.9753711,711,381,581,376,644,469,646,378,130,5,2,91
1754382544.009665,711,381,580,376,644,469,645,378,131,5,1,91
1754382544.044218,712,381,580,376,644,469,646,378,132,5,2,91
1754382544.087532,712,381,580,376,644,469,646,378,132,5,2,91
1754382544.1121438,712,381,581,375,644,469,646,378,131,6,2,91
1754382544.143487,712,381,581,376,644,469,646,378,131,5,2,91
1754382544.1805491,712,381,580,376,644,469,646,378,132,5,2,91
1754382544.214373,712,381,581,376,644,469,646,378,131,5,2,91
1754382544.24531,716,380,585,376,644,469,650,378,131,4,6,91
1754382544.278326,716,380,585,376,644,469,650,378,131,4,6,91
1754382544.3140328,717,380,585,376,644,469,651,378,132,4,7,91
1754382544.346251,716,380,585,376,644,469,650,378,131,4,6,91
1754382544.3799438,716,381,585,376,644,469,650,378,131,5,6,91
1754382544.411378,716,380,585,376,644,469,650,378,131,4,6,91
1754382544.451303,717,380,586,376,644,469,651,378,131,4,7,91
1754382544.479276,716,380,586,376,645,469,651,378,130,4,6,91
1754382544.511061,717,380,586,376,645,469,651,378,131,4,6,91
1754382544.543179,717,381,586,376,645,469,651,378,131,5,6,91
1754382544.577207,717,380,587,375,645,469,652,377,130,5,7,92
1754382544.610708,717,380,587,375,645,469,652,377,130,5,7,92
1754382544.642685,718,380,587,375,645,469,652,377,131,5,7,92
1754382544.676045,718,380,587,375,645,469,652,377,131,5,7,92
1754382544.710706,717,380,586,376,645,469,651,378,131,4,6,91
1754382544.7428741,710,383,580,377,644,470,645,380,130,6,1,90
1754382544.775757,708,384,579,378,644,470,643,381,129,6,1,89
1754382544.80967,708,384,579,378,643,470,643,381,129,6,0,89
1754382544.8494852,707,383,578,378,642,470,642,380,129,5,0,90
1754382544.8756428,705,383,576,378,641,469,640,380,129,5,1,89
1754382544.915103,703,382,574,379,639,469,638,380,129,3,1,89
1754382544.947647,701,382,571,378,636,468,636,380,130,4,0,88
1754382544.977241,699,382,568,378,633,468,633,380,131,4,0,88
1754382545.012171,695,381,565,378,631,468,630,379,130,3,1,89
1754382545.0438201,693,382,563,378,628,467,628,380,130,4,0,87
1754382545.077178,690,381,561,378,625,467,625,379,129,3,0,88
1754382545.1131032,688,381,559,378,623,467,623,379,129,3,0,88
1754382545.145229,686,381,557,377,621,466,621,379,129,4,0,87
1754382545.1778948,685,381,556,378,620,467,620,379,129,3,0,88
1754382545.2138171,683,381,555,379,619,467,619,380,128,2,0,87
1754382545.2478452,683,382,554,379,618,468,618,380,129,3,0,88
1754382545.281125,682,383,554,380,617,468,618,381,128,3,1,87
1754382545.3142898,683,383,554,381,617,469,618,382,129,2,1,87
1754382545.3472772,682,385,554,381,616,470,618,383,128,4,2,87
1754382545.379099,682,386,554,382,616,471,618,384,128,4,2,87
1754382545.4129071,682,387,555,384,617,472,618,385,127,3,1,87
1754382545.4461162,682,388,556,385,618,473,619,386,126,3,1,87
1754382545.4789581,683,390,557,386,619,474,620,388,126,4,1,86
1754382545.5134761,686,393,561,388,620,476,623,390,125,5,3,86
1754382545.5470028,690,399,562,393,620,478,626,396,128,6,6,82
1754382545.580075,691,400,564,394,622,479,627,397,127,6,5,82
1754382545.611525,696,400,569,395,624,479,632,397,127,5,8,82
1754382545.64695,700,399,573,395,626,480,636,397,127,4,10,83
1754382545.678609,702,397,576,393,629,479,639,395,126,4,10,84
1754382545.7128499,704,397,578,393,631,479,641,395,126,4,10,84
1754382545.746117,708,397,581,393,634,480,644,395,127,4,10,85
1754382545.778902,711,397,584,393,637,480,647,395,127,4,10,85
1754382545.8121128,712,400,588,395,640,481,650,397,124,5,10,84
1754382545.843799,714,401,590,395,642,481,652,398,124,6,10,83
1754382545.877393,715,400,592,395,644,481,653,397,123,5,9,84
1754382545.912236,717,400,592,394,645,480,654,397,125,6,9,83
1754382545.9466398,718,399,594,394,646,480,656,396,124,5,10,84
1754382545.978204,718,399,594,394,646,480,656,396,124,5,10,84
1754382546.011752,718,400,594,395,647,480,656,397,124,5,9,83
1754382546.045414,715,401,591,395,646,480,653,398,124,6,7,82
1754382546.079284,712,401,586,397,645,481,649,399,126,4,4,82
1754382546.1119518,708,401,578,396,642,481,643,398,130,5,1,83
1754382546.143998,699,400,573,394,637,481,636,397,126,6,1,84
1754382546.1775029,694,399,568,394,631,482,631,396,126,5,0,86
1754382546.211605,689,400,560,395,624,484,624,397,129,5,0,87
1754382546.246258,682,404,551,398,615,490,616,401,131,6,1,89
1754382546.279144,674,409,543,403,608,496,608,406,131,6,0,90
1754382546.311584,666,414,533,409,597,503,599,411,133,5,2,92
1754382546.3462908,657,420,524,414,588,510,590,417,133,6,2,93
1754382546.378892,651,424,514,418,579,515,582,421,137,6,3,94
1754382546.41062,643,429,506,422,571,519,574,425,137,7,3,94
1754382546.444764,636,432,498,425,563,523,567,428,138,7,4,95
1754382546.4798121,630,436,492,428,556,527,561,432,138,8,5,95
1754382546.5110211,624,438,484,429,549,531,554,433,140,9,5,98
1754382546.546188,618,440,478,431,543,533,548,435,140,9,5,98
1754382546.578969,613,442,471,433,537,535,542,437,142,9,5,98
1754382546.610188,608,444,465,434,532,538,536,439,143,10,4,99
1754382546.645825,604,445,460,436,527,540,532,440,144,9,5,100
