timestamp,left_x,left_y,right_x,right_y,head_x,head_y,center_x,center_y,eye_dx,eye_dy,head_eye_dx,head_eye_dy,frame_id_eye,frame_id_target,x,y,distance
1970-01-01 00:00:00.000000000,784,376,660,378,722,463,722,377,124,2,0,86,0,0.0,400.0,350.0,323.130004796831
1970-01-01 00:00:00.016666667,772,367,638,363,702,457,705,365,134,4,3,92,1,1.0,405.0,350.0,300.3747659175118
1970-01-01 00:00:00.033333333,761,368,629,363,690,457,695,365,132,5,5,92,2,2.0,410.0,350.0,285.3944638566067
1970-01-01 00:00:00.050000000,757,366,622,362,686,457,689,364,135,4,3,93,3,3.0,415.0,350.0,274.35743110038044
1970-01-01 00:00:00.066666667,752,368,618,362,681,457,685,365,134,6,4,92,4,4.0,420.0,350.0,265.42418879973997
1970-01-01 00:00:00.083333333,747,368,614,364,677,458,680,366,133,4,3,92,5,5.0,425.0,350.0,255.50146770615623
1970-01-01 00:00:00.100000000,743,368,609,364,673,458,676,366,134,4,3,92,6,6.0,430.0,350.0,246.51977608297474
1970-01-01 00:00:00.116666667,740,369,606,365,669,459,673,367,134,4,4,92,7,7.0,435.0,350.0,238.6063704095094
1970-01-01 00:00:00.133333333,737,370,604,366,667,460,670,368,133,4,3,92,8,8.0,440.0,350.0,230.70327262524907
1970-01-01 00:00:00.150000000,734,369,601,366,665,460,667,367,133,3,2,93,9,9.0,445.0,350.0,222.64994947226015
1970-01-01 00:00:00.166666667,731,370,597,368,661,461,664,369,134,2,3,92,10,10.0,450.0,350.0,214.84180226389836
1970-01-01 00:00:00.183333333,727,372,594,371,659,464,660,371,133,1,1,93,11,11.0,455.0,350.0,206.0728026693479
1970-01-01 00:00:00.200000000,727,372,594,371,657,464,660,371,133,1,3,93,12,12.0,460.0,350.0,201.0994778710278
1970-01-01 00:00:00.216666667,726,373,594,373,657,466,660,373,132,0,3,93,13,13.0,465.0,350.0,196.3517252279694
1970-01-01 00:00:00.233333333,726,374,593,373,657,466,659,373,133,1,2,93,14,14.0,470.0,350.0,190.3943276465977
1970-01-01 00:00:00.250000000,726,373,593,373,656,466,659,373,133,0,3,93,15,15.0,475.0,350.0,185.43192821086663
1970-01-01 00:00:00.266666667,726,373,594,372,656,466,660,372,132,1,4,94,16,16.0,480.0,350.0,181.3394606807906
1970-01-01 00:00:00.283333333,727,373,594,372,657,465,660,372,133,1,3,93,17,17.0,485.0,350.0,176.3774361986249
1970-01-01 00:00:00.300000000,728,371,596,368,658,461,662,369,132,3,4,92,18,18.0,490.0,350.0,173.04623659588788
1970-01-01 00:00:00.316666667,727,371,594,367,656,460,660,369,133,4,4,91,19,19.0,495.0,350.0,166.0903368652132
1970-01-01 00:00:00.333333333,725,370,593,365,656,459,659,367,132,5,3,92,20,20.0,500.0,350.0,159.90622251807463
1970-01-01 00:00:00.350000000,724,370,593,365,654,458,658,367,131,5,4,91,21,21.0,505.0,350.0,153.9415473483361
1970-01-01 00:00:00.366666667,722,370,591,365,652,458,656,367,131,5,4,91,22,22.0,510.0,350.0,146.98639392814562
1970-01-01 00:00:00.383333333,719,370,589,365,650,457,654,367,130,5,4,90,23,23.0,515.0,350.0,140.03570973148243
1970-01-01 00:00:00.400000000,716,370,587,365,647,457,651,367,129,5,4,90,24,24.0,520.0,350.0,132.09844813622905
1970-01-01 00:00:00.416666667,714,370,585,365,645,456,649,367,129,5,4,89,25,25.0,525.0,350.0,125.15989773086265
1970-01-01 00:00:00.433333333,711,370,583,365,643,456,647,367,128,5,4,89,26,26.0,530.0,350.0,118.2285921425101
1970-01-01 00:00:00.450000000,709,370,582,365,642,456,645,367,127,5,3,89,27,27.0,535.0,350.0,111.30588483993108
1970-01-01 00:00:00.466666667,708,371,581,366,640,456,644,368,127,5,4,88,28,28.0,540.0,350.0,105.54619841567009
1970-01-01 00:00:00.483333333,707,372,581,366,640,456,644,369,126,6,4,87,29,29.0,545.0,350.0,100.80674580602232
1970-01-01 00:00:00.500000000,706,372,582,366,639,456,644,369,124,6,5,87,30,30.0,550.0,350.0,95.90099061010788
1970-01-01 00:00:00.516666666,705,374,581,368,638,457,643,371,124,6,5,86,31,31.0,555.0,350.0,90.47098982546837
1970-01-01 00:00:00.533333332,704,377,580,370,637,458,642,373,124,7,5,85,32,32.0,560.0,350.0,85.16454661418682
1970-01-01 00:00:00.550000000,701,384,580,377,635,462,640,380,121,7,5,82,33,33.0,565.0,350.0,80.77747210701756
1970-01-01 00:00:00.566666667,699,389,575,382,633,465,637,385,124,7,4,80,34,34.0,570.0,350.0,75.59100475585703
1970-01-01 00:00:00.583333333,700,392,576,385,633,467,638,388,124,7,5,79,35,35.0,575.0,350.0,73.57309290766564
1970-01-01 00:00:00.600000000,703,393,577,385,633,469,640,389,126,8,7,80,36,36.0,580.0,350.0,71.56116265125938
1970-01-01 00:00:00.616666667,699,391,578,384,633,470,638,387,121,7,5,83,37,37.0,585.0,350.0,64.63745044476924
1970-01-01 00:00:00.633333333,699,391,578,384,633,471,638,387,121,7,5,84,38,38.0,590.0,350.0,60.60528029800704
1970-01-01 00:00:00.650000000,700,392,577,385,633,472,638,388,123,7,5,84,39,39.0,595.0,350.0,57.38466694161429
1970-01-01 00:00:00.666666667,701,391,578,386,633,473,639,388,123,5,6,85,40,40.0,600.0,350.0,54.45181356024793
1970-01-01 00:00:00.683333333,701,391,579,387,634,474,640,389,122,4,6,85,41,41.0,605.0,350.0,52.40229002629561
1970-01-01 00:00:00.700000000,702,392,579,388,635,474,640,390,123,4,5,84,42,42.0,610.0,350.0,50.0
1970-01-01 00:00:00.716666667,703,392,579,389,636,474,641,390,124,3,5,84,43,43.0,615.0,350.0,47.70744176750625
1970-01-01 00:00:00.733333333,704,392,580,389,637,476,642,390,124,3,5,86,44,44.0,620.0,350.0,45.65084884205331
1970-01-01 00:00:00.750000000,705,393,580,389,637,477,642,391,125,4,5,86,45,45.0,625.0,350.0,44.384682042344295
1970-01-01 00:00:00.766666667,706,394,582,391,639,479,644,392,124,3,5,87,46,46.0,630.0,350.0,44.27188724235731
1970-01-01 00:00:00.783333333,707,396,583,392,640,480,645,394,124,4,5,86,47,47.0,635.0,350.0,45.12205669071391
1970-01-01 00:00:00.800000000,708,398,583,393,640,481,645,395,125,5,5,86,48,48.0,640.0,350.0,45.27692569068709
1970-01-01 00:00:00.816666667,709,399,585,394,641,483,647,396,124,5,6,87,49,49.0,645.0,350.0,46.04345773288535
1970-01-01 00:00:00.833333333,710,399,585,395,642,483,647,397,125,4,5,86,50,50.0,650.0,350.0,47.095647357266465
1970-01-01 00:00:00.850000000,711,400,586,395,642,483,648,397,125,5,6,86,51,51.0,655.0,350.0,47.51841748206689
1970-01-01 00:00:00.866666667,711,400,587,395,643,483,649,397,124,5,6,86,52,52.0,660.0,350.0,48.27007354458868
1970-01-01 00:00:00.883333333,711,401,587,395,643,484,649,398,124,6,6,86,53,53.0,665.0,350.0,50.59644256269407
1970-01-01 00:00:00.900000000,711,400,587,394,642,483,649,397,124,6,7,86,54,54.0,670.0,350.0,51.478150704935004
1970-01-01 00:00:00.916666667,711,400,587,394,642,483,649,397,124,6,7,86,55,55.0,675.0,350.0,53.71219600798314
1970-01-01 00:00:00.933333333,710,400,585,394,641,483,647,397,125,6,6,86,56,56.0,680.0,350.0,57.42821606144492
1970-01-01 00:00:00.950000000,709,399,585,392,639,481,647,395,124,7,8,86,57,57.0,685.0,350.0,58.89821729050889
1970-01-01 00:00:00.966666667,709,399,585,391,638,480,647,395,124,8,9,85,58,58.0,690.0,350.0,62.24146527838174
1970-01-01 00:00:00.983333333,709,401,588,393,638,480,648,397,121,8,10,83,59,59.0,695.0,350.0,66.46803743153546
1970-01-01 00:00:01.000000000,709,400,587,393,638,478,648,396,122,7,10,82,60,60.0,700.0,350.0,69.42621983083913
1970-01-01 00:00:01.016666667,709,398,587,391,639,476,648,394,122,7,9,82,61,61.0,705.0,350.0,72.00694410957877
1970-01-01 00:00:01.033333333,709,395,587,391,639,475,648,393,122,4,9,82,62,62.0,710.0,350.0,75.45197147855052
1970-01-01 00:00:01.050000000,711,394,588,389,641,473,649,391,123,5,8,82,63,63.0,715.0,350.0,77.69813382572325
1970-01-01 00:00:01.066666667,711,392,589,388,643,471,650,390,122,4,7,81,64,64.0,720.0,350.0,80.62257748298549
1970-01-01 00:00:01.083333333,713,390,591,387,644,470,652,388,122,3,8,82,65,65.0,725.0,350.0,82.29823813423954
1970-01-01 00:00:01.100000000,715,388,592,385,646,469,653,386,123,3,7,83,66,66.0,730.0,350.0,85.0
1970-01-01 00:00:01.116666667,716,386,593,383,647,467,654,384,123,3,7,83,67,67.0,735.0,350.0,87.84645695758026
1970-01-01 00:00:01.133333333,717,385,595,381,649,465,656,383,122,4,7,82,68,68.0,740.0,350.0,90.24965373894794
1970-01-01 00:00:01.150000000,719,382,596,378,650,463,657,380,123,4,7,83,69,69.0,745.0,350.0,92.97311439335567
1970-01-01 00:00:01.166666667,720,381,597,378,651,461,658,379,123,3,7,82,70,70.0,750.0,350.0,96.46242791885346
1970-01-01 00:00:01.183333333,719,378,597,373,652,459,658,375,122,5,6,84,71,71.0,755.0,350.0,100.16985574512923
1970-01-01 00:00:01.200000000,720,373,597,369,653,456,658,371,123,4,5,85,72,72.0,760.0,350.0,104.1393297462587
1970-01-01 00:00:01.216666667,721,371,598,367,654,455,659,369,123,4,5,86,73,73.0,765.0,350.0,107.68936809174804
1970-01-01 00:00:01.233333333,723,371,599,366,655,454,661,368,124,5,6,86,74,74.0,770.0,350.0,110.47624178980746
1970-01-01 00:00:01.250000000,723,371,600,365,655,454,661,368,123,6,6,86,75,75.0,775.0,350.0,115.41230437002807
1970-01-01 00:00:01.266666667,724,371,600,365,656,455,662,368,124,6,6,87,76,76.0,780.0,350.0,119.36498649101419
1970-01-01 00:00:01.283333333,725,371,600,365,656,456,662,368,125,6,6,88,77,77.0,785.0,350.0,124.31009613060397
1970-01-01 00:00:01.300000000,724,372,599,366,655,456,661,369,125,6,6,87,78,78.0,790.0,350.0,130.39171752837677
1970-01-01 00:00:01.316666667,724,373,598,366,654,457,661,369,126,7,7,88,79,79.0,795.0,350.0,135.34031180694095
1970-01-01 00:00:01.333333333,723,372,597,366,654,457,660,369,126,6,6,88,80,80.0,800.0,350.0,141.2834031300209
1970-01-01 00:00:01.350000000,722,373,597,365,653,457,659,369,125,8,6,88,81,81.0,805.0,350.0,147.2311108427835
1970-01-01 00:00:01.366666667,721,372,595,365,652,457,658,368,126,7,6,89,82,82.0,810.0,350.0,153.06207890917986
1970-01-01 00:00:01.383333333,721,372,594,366,652,457,657,369,127,6,5,88,83,83.0,815.0,350.0,159.13830462839547
1970-01-01 00:00:01.400000000,720,372,594,366,651,457,657,369,126,6,6,88,84,84.0,820.0,350.0,164.10362579784763
1970-01-01 00:00:01.416666667,719,372,593,366,650,457,656,369,126,6,6,88,85,85.0,825.0,350.0,170.06469357276953
1970-01-01 00:00:01.433333333,718,373,592,367,649,457,655,370,126,6,6,87,86,86.0,830.0,350.0,176.13914953808538
1970-01-01 00:00:01.450000000,718,373,591,366,648,457,654,369,127,7,6,88,87,87.0,835.0,350.0,181.99450541156455
1970-01-01 00:00:01.466666667,718,373,591,366,648,458,654,369,127,7,6,89,88,88.0,840.0,350.0,186.96791168540125
1970-01-01 00:00:01.483333333,718,373,590,367,648,458,654,370,128,6,6,88,89,89.0,845.0,350.0,192.04426573058618
1970-01-01 00:00:01.500000000,717,373,590,367,648,459,653,370,127,6,5,89,90,90.0,850.0,350.0,198.01262586006985
1970-01-01 00:00:01.516666666,717,374,590,368,647,459,653,371,127,6,6,88,91,91.0,855.0,350.0,203.08865059377396
1970-01-01 00:00:01.533333332,716,374,590,367,647,459,653,370,126,7,6,89,92,92.0,860.0,350.0,207.96393918177256
1970-01-01 00:00:01.550000000,715,374,588,368,647,459,651,371,127,6,4,88,93,93.0,865.0,350.0,215.02790516581794
1970-01-01 00:00:01.566666667,716,374,588,367,647,459,652,370,128,7,5,89,94,94.0,870.0,350.0,218.91550881561588
1970-01-01 00:00:01.583333333,716,374,588,367,647,459,652,370,128,7,5,89,95,95.0,875.0,350.0,223.89506470666117
1970-01-01 00:00:01.600000000,716,374,588,367,647,459,652,370,128,7,5,89,96,96.0,880.0,350.0,228.87551201471948
1970-01-01 00:00:01.616666667,716,374,589,367,647,459,652,370,127,7,5,89,97,97.0,885.0,350.0,233.8567937862828
1970-01-01 00:00:01.633333333,715,378,590,370,647,461,652,374,125,8,5,87,98,98.0,890.0,350.0,239.20702330826325
1970-01-01 00:00:01.650000000,715,382,587,376,646,463,651,379,128,6,5,84,99,99.0,895.0,350.0,245.7173172570464
1970-01-01 00:00:01.666666667,715,381,586,376,647,462,650,378,129,5,3,84,100,100.0,900.0,350.0,251.56311335328954
1970-01-01 00:00:01.683333333,717,379,590,373,647,462,653,376,127,6,6,86,101,101.0,905.0,350.0,253.33771926027913
1970-01-01 00:00:01.700000000,717,376,589,370,647,462,653,373,128,6,6,89,102,102.0,910.0,350.0,258.02713035648014
1970-01-01 00:00:01.716666667,718,375,590,369,649,461,654,372,128,6,5,89,103,103.0,915.0,350.0,261.92556194461054
1970-01-01 00:00:01.733333333,718,375,590,369,649,460,654,372,128,6,5,88,104,104.0,920.0,350.0,266.9082239272518
1970-01-01 00:00:01.750000000,719,374,591,368,649,461,655,371,128,6,6,90,105,105.0,925.0,350.0,270.8154353060401
1970-01-01 00:00:01.766666667,719,374,591,368,649,460,655,371,128,6,6,89,106,106.0,930.0,350.0,275.80065264607333
1970-01-01 00:00:01.783333333,720,374,592,368,650,460,656,371,128,6,6,89,107,107.0,935.0,350.0,279.7892063679369
1970-01-01 00:00:01.800000000,720,374,593,367,650,460,656,370,127,7,6,90,108,108.0,940.0,350.0,284.70335438838794
1970-01-01 00:00:01.816666667,721,374,593,367,650,460,657,370,128,7,7,90,109,109.0,945.0,350.0,288.6936092122581
1970-01-01 00:00:01.833333333,720,374,593,367,650,460,656,370,127,7,6,90,110,110.0,950.0,350.0,294.6794869005985
1970-01-01 00:00:01.850000000,720,374,594,367,651,460,657,370,126,7,6,90,111,111.0,955.0,350.0,298.67038688159226
1970-01-01 00:00:01.866666667,721,374,594,368,651,461,657,371,127,6,6,90,112,112.0,960.0,350.0,303.7268509697488
1970-01-01 00:00:01.883333333,721,374,594,368,651,461,657,371,127,6,6,90,113,113.0,965.0,350.0,308.71507899679926
1970-01-01 00:00:01.900000000,721,374,594,368,651,461,657,371,127,6,6,90,114,114.0,970.0,350.0,313.70368184004474
1970-01-01 00:00:01.916666667,722,374,594,367,651,460,658,370,128,7,7,90,115,115.0,975.0,350.0,317.63028822831114
1970-01-01 00:00:01.933333333,722,374,594,367,651,460,658,370,128,7,7,90,116,116.0,980.0,350.0,322.6205201161265
1970-01-01 00:00:01.950000000,722,374,594,367,651,460,658,370,128,7,7,90,117,117.0,985.0,350.0,327.61104987469514
1970-01-01 00:00:01.966666667,722,374,594,368,651,461,658,371,128,6,7,90,118,118.0,990.0,350.0,332.66349363884217
1970-01-01 00:00:01.983333333,722,374,595,368,651,461,658,371,127,6,7,90,119,119.0,995.0,350.0,337.6536687198882
1970-01-01 00:00:02.000000000,722,375,595,368,652,461,658,371,127,7,6,90,120,120.0,1000.0,350.0,342.64413025761877
1970-01-01 00:00:02.016666667,722,375,594,368,652,461,658,371,128,7,6,90,121,121.0,1005.0,350.0,347.6348659153739
1970-01-01 00:00:02.033333333,721,375,594,368,651,461,657,371,127,7,6,90,122,122.0,1010.0,350.0,353.62409420173844
1970-01-01 00:00:02.050000000,721,375,594,368,651,461,657,371,127,7,6,90,123,123.0,1015.0,350.0,358.6153928653928
1970-01-01 00:00:02.066666667,721,375,594,368,652,461,657,371,127,7,5,90,124,124.0,1020.0,350.0,363.60693062701654
1970-01-01 00:00:02.083333333,721,375,593,368,652,461,657,371,128,7,5,90,125,125.0,1025.0,350.0,368.5986977730659
1970-01-01 00:00:02.100000000,721,375,593,368,652,462,657,371,128,7,5,91,126,126.0,1030.0,350.0,373.5906851087163
1970-01-01 00:00:02.116666667,721,375,593,368,652,462,657,371,128,7,5,91,127,127.0,1035.0,350.0,378.5828839237189
1970-01-01 00:00:02.133333333,721,376,594,369,652,462,657,372,127,7,5,90,128,128.0,1040.0,350.0,383.631333443972
1970-01-01 00:00:02.150000000,722,376,594,369,652,462,658,372,128,7,6,90,129,129.0,1045.0,350.0,387.6248186068586
1970-01-01 00:00:02.166666667,722,376,595,369,652,462,658,372,127,7,6,90,130,130.0,1050.0,350.0,392.6168615839111
1970-01-01 00:00:02.183333333,722,376,595,368,652,462,658,372,127,8,6,90,131,131.0,1055.0,350.0,397.60910452352573
1970-01-01 00:00:02.200000000,722,376,595,369,652,462,658,372,127,7,6,90,132,132.0,1060.0,350.0,402.6015399871193
1970-01-01 00:00:02.216666667,722,377,595,370,652,463,658,373,127,7,6,90,133,133.0,1065.0,350.0,407.64935913110423
1970-01-01 00:00:02.233333333,723,381,597,375,652,464,660,378,126,6,8,86,134,134.0,1070.0,350.0,410.9549853694441
1970-01-01 00:00:02.250000000,724,382,597,376,652,465,660,379,127,6,8,86,135,135.0,1075.0,350.0,416.01201905714214
1970-01-01 00:00:02.266666667,724,382,597,375,652,465,660,378,127,7,8,87,136,136.0,1080.0,350.0,420.9322985944414
1970-01-01 00:00:02.283333333,725,381,598,375,653,464,661,378,127,6,8,86,137,137.0,1085.0,350.0,424.92352253081964
1970-01-01 00:00:02.300000000,725,381,598,375,653,465,661,378,127,6,8,87,138,138.0,1090.0,350.0,429.9127818523194
1970-01-01 00:00:02.316666667,726,381,599,376,654,464,662,378,127,5,8,86,139,139.0,1095.0,350.0,433.9043673437731
1970-01-01 00:00:02.333333333,726,381,599,375,654,464,662,378,127,6,8,86,140,140.0,1100.0,350.0,438.8940646670903
1970-01-01 00:00:02.350000000,726,379,598,374,654,464,662,376,128,5,8,88,141,141.0,1105.0,350.0,443.7623237725348
1970-01-01 00:00:02.366666667,724,375,597,370,655,462,660,372,127,5,5,90,142,142.0,1110.0,350.0,450.5374568224045
1970-01-01 00:00:02.383333333,724,375,596,369,654,462,660,372,128,6,6,90,143,143.0,1115.0,350.0,455.531557633497
1970-01-01 00:00:02.400000000,723,375,596,369,654,462,659,372,127,6,5,90,144,144.0,1120.0,350.0,461.52464722915937
1970-01-01 00:00:02.416666667,723,375,596,369,654,462,659,372,127,6,5,90,145,145.0,1125.0,350.0,466.5190242637485
1970-01-01 00:00:02.433333333,723,375,595,369,653,462,659,372,128,6,6,90,146,146.0,1130.0,350.0,471.51352048483193
1970-01-01 00:00:02.450000000,722,375,595,369,653,462,658,372,127,6,5,90,147,147.0,1135.0,350.0,477.5070680105165
1970-01-01 00:00:02.466666667,722,375,595,369,653,462,658,372,127,6,5,90,148,148.0,1140.0,350.0,482.50181346809467
1970-01-01 00:00:02.483333333,722,375,595,369,653,462,658,372,127,6,5,90,149,149.0,1145.0,350.0,487.4966666552706
1970-01-01 00:00:02.500000000,722,375,594,369,653,462,658,372,128,6,5,90,150,150.0,1150.0,350.0,492.4916242942615
1970-01-01 00:00:02.516666666,722,375,594,369,652,462,658,372,128,6,6,90,151,151.0,1155.0,350.0,497.4866832388582
1970-01-01 00:00:02.533333332,722,375,594,369,652,462,658,372,128,6,6,90,152,152.0,1160.0,350.0,502.4818404678919
1970-01-01 00:00:02.550000000,721,376,594,370,652,462,657,373,127,6,5,89,153,153.0,1165.0,350.0,508.520402737196
1970-01-01 00:00:02.566666667,721,376,594,370,652,462,657,373,127,6,5,89,154,154.0,1170.0,350.0,513.5153357008921
1970-01-01 00:00:02.583333333,721,376,593,370,652,463,657,373,128,6,5,90,155,155.0,1175.0,350.0,518.5103663380319
1970-01-01 00:00:02.600000000,721,376,593,370,651,463,657,373,128,6,6,90,156,156.0,1180.0,350.0,523.5054918527599
1970-01-01 00:00:02.616666667,721,377,593,370,652,463,657,373,128,7,5,90,157,157.0,1185.0,350.0,528.500709554869
1970-01-01 00:00:02.633333333,721,376,594,370,652,463,657,373,127,6,5,90,158,158.0,1190.0,350.0,533.496016854859
1970-01-01 00:00:02.650000000,721,376,594,370,652,463,657,373,127,6,5,90,159,159.0,1195.0,350.0,538.4914112592697
1970-01-01 00:00:02.666666667,721,376,595,370,652,463,658,373,126,6,6,90,160,160.0,1200.0,350.0,542.4877878809808
1970-01-01 00:00:02.683333333,722,377,594,370,652,463,658,373,128,7,6,90,161,161.0,1205.0,350.0,547.4833330796473
1970-01-01 00:00:02.700000000,722,377,594,370,652,463,658,373,128,7,6,90,162,162.0,1210.0,350.0,552.4789588753584
1970-01-01 00:00:02.716666667,722,377,594,371,652,463,658,374,128,6,6,89,163,163.0,1215.0,350.0,557.5168158898887
1970-01-01 00:00:02.733333333,721,377,593,371,651,464,657,374,128,6,6,90,164,164.0,1220.0,350.0,563.5113131073767
1970-01-01 00:00:02.750000000,721,377,593,371,651,464,657,374,128,6,6,90,165,165.0,1225.0,350.0,568.5068161420758
1970-01-01 00:00:02.766666667,721,378,593,372,651,464,657,375,128,6,6,89,166,166.0,1230.0,350.0,573.5451159237606
1970-01-01 00:00:02.783333333,720,378,592,372,650,464,656,375,128,6,6,89,167,167.0,1235.0,350.0,579.5394723398916
1970-01-01 00:00:02.800000000,720,378,592,372,650,464,656,375,128,6,6,89,168,168.0,1240.0,350.0,584.5348578143138
1970-01-01 00:00:02.816666667,720,378,592,372,650,464,656,375,128,6,6,89,169,169.0,1245.0,350.0,589.5303215272307
1970-01-01 00:00:02.833333333,720,378,592,372,650,464,656,375,128,6,6,89,170,170.0,1250.0,350.0,594.5258615064613
1970-01-01 00:00:02.850000000,720,378,592,372,650,464,656,375,128,6,6,89,171,171.0,1255.0,350.0,599.521475845528
1970-01-01 00:00:02.866666667,720,378,592,372,650,463,656,375,128,6,6,88,172,172.0,1260.0,350.0,604.5171627009444
1970-01-01 00:00:02.883333333,720,378,592,372,650,463,656,375,128,6,6,88,173,173.0,1265.0,350.0,609.5129202896359
1970-01-01 00:00:02.900000000,720,378,592,372,650,462,656,375,128,6,6,87,174,174.0,1270.0,350.0,614.5087468864865
1970-01-01 00:00:02.916666667,721,378,592,372,650,462,656,375,129,6,6,87,175,175.0,1275.0,350.0,619.5046408220038
1970-01-01 00:00:02.933333333,721,378,593,372,650,462,657,375,128,6,7,87,176,176.0,1280.0,350.0,623.5014033665041
1970-01-01 00:00:02.950000000,722,378,593,372,651,461,657,375,129,6,6,86,177,177.0,1285.0,350.0,628.4974144735999
1970-01-01 00:00:02.966666667,722,378,593,372,651,461,657,375,129,6,6,86,178,178.0,1290.0,350.0,633.4934885221788
1970-01-01 00:00:02.983333333,722,377,594,371,651,461,658,374,128,6,7,87,179,179.0,1295.0,350.0,637.4519589741645
1970-01-01 00:00:03.000000000,723,377,595,370,652,461,659,373,128,7,7,88,180,180.0,1300.0,350.0,641.4125037758463
1970-01-01 00:00:03.016666667,723,377,595,370,652,461,659,373,128,7,7,88,181,181.0,1305.0,350.0,646.4093130517226
1970-01-01 00:00:03.033333333,723,377,595,370,652,461,659,373,128,7,7,88,182,182.0,1310.0,350.0,651.4061712940705
1970-01-01 00:00:03.050000000,723,377,594,370,652,461,658,373,129,7,6,88,183,183.0,1315.0,350.0,657.4024642484998
1970-01-01 00:00:03.066666667,723,377,594,370,652,462,658,373,129,7,6,89,184,184.0,1320.0,350.0,662.399426328254
1970-01-01 00:00:03.083333333,723,377,595,371,652,461,659,374,128,6,7,87,185,185.0,1325.0,350.0,666.4322921347674
1970-01-01 00:00:03.100000000,723,377,594,371,652,462,658,374,129,6,6,88,186,186.0,1330.0,350.0,672.4284348538512
1970-01-01 00:00:03.116666667,723,377,594,371,652,462,658,374,129,6,6,88,187,187.0,1335.0,350.0,677.4252726316017
1970-01-01 00:00:03.133333333,723,377,594,371,651,462,658,374,129,6,7,88,188,188.0,1340.0,350.0,682.4221567329126
1970-01-01 00:00:03.150000000,723,377,594,371,651,462,658,374,129,6,7,88,189,189.0,1345.0,350.0,687.4190861475989
1970-01-01 00:00:03.166666667,723,377,594,371,652,462,658,374,129,6,6,88,190,190.0,1350.0,350.0,692.4160598946272
1970-01-01 00:00:03.183333333,723,377,594,371,652,462,658,374,129,6,6,88,191,191.0,1355.0,350.0,697.4130770210722
1970-01-01 00:00:03.200000000,722,377,594,371,652,463,658,374,128,6,6,89,192,192.0,1360.0,350.0,702.4101366011171
1970-01-01 00:00:03.216666667,722,377,594,371,652,463,658,374,128,6,6,89,193,193.0,1365.0,350.0,707.4072377350969
1970-01-01 00:00:03.233333333,722,377,594,371,652,464,658,374,128,6,6,90,194,194.0,1370.0,350.0,712.4043795485819
1970-01-01 00:00:03.250000000,722,377,594,371,652,464,658,374,128,6,6,90,195,195.0,1375.0,350.0,717.4015611914989
1970-01-01 00:00:03.266666667,722,377,594,371,652,464,658,374,128,6,6,90,196,196.0,1380.0,350.0,722.3987818372897
1970-01-01 00:00:03.283333333,722,377,594,371,652,464,658,374,128,6,6,90,197,197.0,1385.0,350.0,727.3960406821033
1970-01-01 00:00:03.300000000,722,378,594,371,652,464,658,374,128,7,6,90,198,198.0,1390.0,350.0,732.3933369440222
1970-01-01 00:00:03.316666667,722,378,594,371,652,464,658,374,128,7,6,90,199,199.0,1395.0,350.0,737.3906698623193
1970-01-01 00:00:03.333333333,722,378,594,371,652,464,658,374,128,7,6,90,200,200.0,1400.0,350.0,742.3880386967452
1970-01-01 00:00:03.350000000,723,378,594,372,652,464,658,375,129,6,6,89,201,201.0,1405.0,350.0,747.4182229515146
1970-01-01 00:00:03.366666667,723,378,594,372,652,464,658,375,129,6,6,89,202,202.0,1410.0,350.0,752.4154437543132
1970-01-01 00:00:03.383333333,723,378,594,371,652,464,658,374,129,7,6,90,203,203.0,1415.0,350.0,757.3803535872844
1970-01-01 00:00:03.400000000,723,378,594,371,652,464,658,374,129,7,6,90,204,204.0,1420.0,350.0,762.3778590698972
1970-01-01 00:00:03.416666667,725,377,596,372,653,464,660,374,129,5,7,90,205,205.0,1425.0,350.0,765.3763779997395
1970-01-01 00:00:03.433333333,727,378,598,373,653,464,662,375,129,5,9,89,206,206.0,1430.0,350.0,768.4067933067745
1970-01-01 00:00:03.450000000,727,378,599,372,653,464,663,375,128,6,10,89,207,207.0,1435.0,350.0,772.4046866766151
1970-01-01 00:00:03.466666667,728,378,599,372,653,464,663,375,129,6,10,89,208,208.0,1440.0,350.0,777.402083866515
1970-01-01 00:00:03.483333333,727,377,599,372,653,464,663,374,128,5,10,90,209,209.0,1445.0,350.0,782.368199762746
1970-01-01 00:00:03.500000000,727,377,599,372,653,464,663,374,128,5,10,90,210,210.0,1450.0,350.0,787.3658615916745
1970-01-01 00:00:03.516666666,727,377,599,372,653,464,663,374,128,5,10,90,211,211.0,1455.0,350.0,792.3635529225205
1970-01-01 00:00:03.533333332,727,377,599,372,653,464,663,374,128,5,10,90,212,212.0,1460.0,350.0,797.3612732005487
1970-01-01 00:00:03.550000000,728,377,599,372,653,464,663,374,129,5,10,90,213,213.0,1465.0,350.0,802.3590218848418
1970-01-01 00:00:03.566666667,727,377,599,372,654,464,663,374,128,5,9,90,214,214.0,1470.0,350.0,807.3567984478733
1970-01-01 00:00:03.583333333,724,377,595,371,653,464,659,374,129,6,6,90,215,215.0,1475.0,350.0,816.3528648813575
1970-01-01 00:00:03.600000000,723,378,595,372,654,465,659,375,128,6,5,90,216,216.0,1480.0,350.0,821.3805451798819
1970-01-01 00:00:03.616666667,724,378,595,372,653,465,659,375,129,6,6,90,217,217.0,1485.0,350.0,826.3782426951958
1970-01-01 00:00:03.633333333,724,378,595,372,653,465,659,375,129,6,6,90,218,218.0,1490.0,350.0,831.3759678990006
1970-01-01 00:00:03.650000000,724,378,595,372,653,465,659,375,129,6,6,90,219,219.0,1495.0,350.0,836.3737202949409
1970-01-01 00:00:03.666666667,724,378,595,372,653,465,659,375,129,6,6,90,220,220.0,1500.0,350.0,841.3714993984524
1970-01-01 00:00:03.683333333,724,378,596,372,654,465,660,375,128,6,6,90,221,221.0,1505.0,350.0,845.3697415923994
1970-01-01 00:00:03.700000000,724,379,595,373,654,465,659,376,129,6,5,89,222,222.0,1510.0,350.0,851.3970871455928
1970-01-01 00:00:03.716666667,724,379,596,372,654,466,660,375,128,7,6,91,223,223.0,1515.0,350.0,855.3654189876979
1970-01-01 00:00:03.733333333,724,379,595,373,654,466,659,376,129,6,5,90,224,224.0,1520.0,350.0,861.3924773295852
1970-01-01 00:00:03.750000000,724,379,596,373,654,466,660,376,128,6,6,90,225,225.0,1525.0,350.0,865.3906632267302
1970-01-01 00:00:03.766666667,725,380,596,373,654,466,660,376,129,7,6,90,226,226.0,1530.0,350.0,870.3884190406028
1970-01-01 00:00:03.783333333,725,379,596,372,654,466,660,375,129,7,6,91,227,227.0,1535.0,350.0,875.3570700005798
1970-01-01 00:00:03.800000000,725,379,596,372,654,466,660,375,129,7,6,91,228,228.0,1540.0,350.0,880.3550420143
1970-01-01 00:00:03.816666667,725,379,597,372,654,466,661,375,128,7,7,91,229,229.0,1545.0,350.0,884.3534361328619
1970-01-01 00:00:03.833333333,725,379,596,372,655,466,660,375,129,7,5,91,230,230.0,1550.0,350.0,890.3510543600204
1970-01-01 00:00:03.850000000,726,379,597,372,655,466,661,375,129,7,6,91,231,231.0,1555.0,350.0,894.3494842621648
1970-01-01 00:00:03.866666667,725,379,597,373,655,466,661,376,128,6,6,90,232,232.0,1560.0,350.0,899.3758947181095
1970-01-01 00:00:03.883333333,726,379,597,373,655,466,661,376,129,6,6,90,233,233.0,1565.0,350.0,904.3738165161573
1970-01-01 00:00:03.900000000,725,379,597,373,655,466,661,376,128,6,6,90,234,234.0,1570.0,350.0,909.3717611626172
1970-01-01 00:00:03.916666667,725,379,596,373,654,466,660,376,129,6,6,90,235,235.0,1575.0,350.0,915.3693243713162
1970-01-01 00:00:03.933333333,725,379,596,373,654,466,660,376,129,6,6,90,236,236.0,1580.0,350.0,920.3673179769042
1970-01-01 00:00:03.950000000,724,379,596,373,654,466,660,376,128,6,6,90,237,237.0,1585.0,350.0,925.3653332603292
1970-01-01 00:00:03.966666667,724,379,595,373,654,466,659,376,129,6,5,90,238,238.0,1590.0,350.0,931.3629797238024
1970-01-01 00:00:03.983333333,724,379,595,373,654,466,659,376,129,6,5,90,239,239.0,1595.0,350.0,936.3610414791935
1970-01-01 00:00:04.000000000,724,379,595,373,654,466,659,376,129,6,5,90,240,240.0,1600.0,350.0,941.3591238204472
1970-01-01 00:00:04.016666667,724,380,595,373,653,466,659,376,129,7,6,90,241,241.0,1605.0,350.0,946.3572264213974
1970-01-01 00:00:04.033333333,723,380,594,374,652,467,658,377,129,6,6,90,242,242.0,1610.0,350.0,952.3828011886817
1970-01-01 00:00:04.050000000,722,380,593,375,652,468,657,377,129,5,5,91,243,243.0,1615.0,350.0,958.3804046410798
1970-01-01 00:00:04.066666667,721,381,592,375,651,468,656,378,129,6,5,90,244,244.0,1620.0,350.0,964.4065532751216
1970-01-01 00:00:04.083333333,721,381,592,376,650,468,656,378,129,5,6,90,245,245.0,1625.0,350.0,969.4044563545187
1970-01-01 00:00:04.100000000,721,381,592,376,650,469,656,378,129,5,6,91,246,246.0,1630.0,350.0,974.402380949472
1970-01-01 00:00:04.116666667,721,382,592,377,650,469,656,379,129,5,6,90,247,247.0,1635.0,350.0,979.4294257372503
1970-01-01 00:00:04.133333333,721,382,592,377,650,469,656,379,129,5,6,90,248,248.0,1640.0,350.0,984.4272446453318
1970-01-01 00:00:04.150000000,721,382,592,377,650,469,656,379,129,5,6,90,249,249.0,1645.0,350.0,989.4250855926385
1970-01-01 00:00:04.166666667,722,382,592,377,650,469,657,379,130,5,7,90,250,250.0,1650.0,350.0,993.4233739951965
1970-01-01 00:00:04.183333333,721,382,592,377,650,469,656,379,129,5,6,90,251,251.0,1655.0,350.0,999.4208322823774
1970-01-01 00:00:04.200000000,722,382,592,377,650,470,657,379,130,5,7,91,252,252.0,1660.0,350.0,1003.4191546906009
1970-01-01 00:00:04.216666667,722,382,592,377,650,470,657,379,130,5,7,91,253,253.0,1665.0,350.0,1008.4170764123345
1970-01-01 00:00:04.233333333,723,382,593,377,651,469,658,379,130,5,7,90,254,254.0,1670.0,350.0,1012.415428566752
1970-01-01 00:00:04.250000000,723,382,593,377,651,469,658,379,130,5,7,90,255,255.0,1675.0,350.0,1017.4133869769947
1970-01-01 00:00:04.266666667,724,382,594,376,652,469,659,379,130,6,7,90,256,256.0,1680.0,350.0,1021.411768093554
1970-01-01 00:00:04.283333333,724,382,594,376,653,469,659,379,130,6,6,90,257,257.0,1685.0,350.0,1026.409762229491
1970-01-01 00:00:04.300000000,724,381,595,376,653,469,659,378,129,5,6,91,258,258.0,1690.0,350.0,1031.3801433031372
1970-01-01 00:00:04.316666667,724,381,595,376,653,469,659,378,129,5,6,91,259,259.0,1695.0,350.0,1036.3783093060179
1970-01-01 00:00:04.333333333,725,381,595,376,653,469,660,378,130,5,7,91,260,260.0,1700.0,350.0,1040.3768547982986
1970-01-01 00:00:04.350000000,724,381,595,376,654,468,659,378,129,5,5,90,261,261.0,1705.0,350.0,1046.3746938836011
1970-01-01 00:00:04.366666667,725,381,596,375,654,468,660,378,129,6,6,90,262,262.0,1710.0,350.0,1050.3732669865508
1970-01-01 00:00:04.383333333,725,381,596,375,654,468,660,378,129,6,6,90,263,263.0,1715.0,350.0,1055.371498572896
1970-01-01 00:00:04.400000000,725,381,596,375,654,468,660,378,129,6,6,90,264,264.0,1720.0,350.0,1060.3697468336222
1970-01-01 00:00:04.416666667,725,381,596,375,654,468,660,378,129,6,6,90,265,265.0,1725.0,350.0,1065.3680115340426
1970-01-01 00:00:04.433333333,725,380,596,375,655,468,660,377,129,5,5,91,266,266.0,1730.0,350.0,1070.3405999960946
1970-01-01 00:00:04.450000000,725,381,597,375,655,468,661,378,128,6,6,90,267,267.0,1735.0,350.0,1074.3649286904333
1970-01-01 00:00:04.466666667,726,381,597,375,655,468,661,378,129,6,6,90,268,268.0,1740.0,350.0,1079.363238210381
1970-01-01 00:00:04.483333333,726,381,596,375,655,468,661,378,130,6,6,90,269,269.0,1745.0,350.0,1084.3615633173283
1970-01-01 00:00:04.500000000,726,380,597,375,655,467,661,377,129,5,6,90,270,270.0,1750.0,350.0,1089.3346593219185
1970-01-01 00:00:04.516666666,726,380,597,375,655,467,661,377,129,5,6,90,271,271.0,1755.0,350.0,1094.3331302670133
1970-01-01 00:00:04.533333332,726,380,597,375,655,468,661,377,129,5,6,91,272,272.0,1760.0,350.0,1099.3316151189322
1970-01-01 00:00:04.550000000,726,380,597,375,655,467,661,377,129,5,6,90,273,273.0,1765.0,350.0,1104.3301136888372
1970-01-01 00:00:04.566666667,726,380,597,375,655,468,661,377,129,5,6,91,274,274.0,1770.0,350.0,1109.3286257912937
1970-01-01 00:00:04.583333333,726,380,597,375,655,467,661,377,129,5,6,90,275,275.0,1775.0,350.0,1114.3271512441936
1970-01-01 00:00:04.600000000,726,380,597,375,655,468,661,377,129,5,6,91,276,276.0,1780.0,350.0,1119.3256898686816
1970-01-01 00:00:04.616666667,726,380,597,375,655,468,661,377,129,5,6,91,277,277.0,1785.0,350.0,1124.3242414890822
1970-01-01 00:00:04.633333333,726,380,597,375,655,468,661,377,129,5,6,91,278,278.0,1790.0,350.0,1129.3228059328299
1970-01-01 00:00:04.650000000,726,380,597,375,655,467,661,377,129,5,6,90,279,279.0,1795.0,350.0,1134.3213830304003
1970-01-01 00:00:04.666666667,726,380,596,375,655,468,661,377,130,5,6,91,280,280.0,1800.0,350.0,1139.3199726152438
1970-01-01 00:00:04.683333333,726,380,597,375,655,468,661,377,129,5,6,91,281,281.0,1805.0,350.0,1144.3185745237206
1970-01-01 00:00:04.700000000,726,380,597,375,655,467,661,377,129,5,6,90,282,282.0,1810.0,350.0,1149.3171885950371
1970-01-01 00:00:04.716666667,726,380,597,375,655,468,661,377,129,5,6,91,283,283.0,1815.0,350.0,1154.3158146711844
1970-01-01 00:00:04.733333333,726,380,597,374,655,468,661,377,129,6,6,91,284,284.0,1820.0,350.0,1159.3144525968785
1970-01-01 00:00:04.750000000,726,380,597,374,656,467,661,377,129,6,5,90,285,285.0,1825.0,350.0,1164.3131022195018
1970-01-01 00:00:04.766666667,727,380,597,375,656,468,662,377,130,5,6,91,286,286.0,1830.0,350.0,1168.3120302384975
1970-01-01 00:00:04.783333333,726,380,598,374,656,467,662,377,128,6,6,90,287,287.0,1835.0,350.0,1173.3107005392903
1970-01-01 00:00:04.800000000,727,380,597,375,656,467,662,377,130,5,6,90,288,288.0,1840.0,350.0,1178.3093821233879
1970-01-01 00:00:04.816666667,727,380,598,375,656,468,662,377,129,5,6,91,289,289.0,1845.0,350.0,1183.3080748477971
1970-01-01 00:00:04.833333333,727,381,598,375,657,468,662,378,129,6,5,90,290,290.0,1850.0,350.0,1188.3299205187084
1970-01-01 00:00:04.850000000,728,381,598,375,657,468,663,378,130,6,6,90,291,291.0,1855.0,350.0,1192.3288137087018
1970-01-01 00:00:04.866666667,728,381,599,374,657,468,663,377,129,7,6,91,292,292.0,1860.0,350.0,1197.3044725549137
1970-01-01 00:00:04.883333333,728,381,598,374,657,468,663,377,130,7,6,91,293,293.0,1865.0,350.0,1202.303206350212
1970-01-01 00:00:04.900000000,728,381,598,374,657,468,663,377,130,7,6,91,294,294.0,1870.0,350.0,1207.3019506320695
1970-01-01 00:00:04.916666667,728,381,599,374,657,468,663,377,129,7,6,91,295,295.0,1875.0,350.0,1212.3007052707674
1970-01-01 00:00:04.933333333,728,381,598,374,658,468,663,377,130,7,5,91,296,296.0,1880.0,350.0,1217.2994701387165
1970-01-01 00:00:04.950000000,728,381,599,373,657,467,663,377,129,8,6,90,297,297.0,1885.0,350.0,1222.2982451104149
1970-01-01 00:00:04.966666667,727,379,597,373,656,466,662,376,130,6,6,90,298,298.0,1890.0,350.0,1228.275213459915
1970-01-01 00:00:04.983333333,726,378,595,371,654,465,660,374,131,7,6,91,299,299.0,1895.0,350.0,1235.2331763679276
1970-01-01 00:00:05.000000000,724,377,594,370,651,464,659,373,130,7,8,91,300,299.0,1895.0,350.0,1236.2139782416311
1970-01-01 00:00:05.016666667,722,376,592,369,648,463,657,372,130,7,9,91,301,299.0,1895.0,350.0,1238.195461144968
1970-01-01 00:00:05.033333333,719,375,590,368,645,461,654,371,129,7,9,90,302,299.0,1895.0,350.0,1241.1776665731622
1970-01-01 00:00:05.050000000,717,374,587,367,643,460,652,370,130,7,9,90,303,,,,
1970-01-01 00:00:05.066666667,714,373,585,367,641,459,649,370,129,6,8,89,304,,,,
1970-01-01 00:00:05.083333333,713,372,582,366,638,459,647,369,131,6,9,90,305,,,,
1970-01-01 00:00:05.100000000,711,371,581,366,637,458,646,368,130,5,9,90,306,,,,
1970-01-01 00:00:05.116666667,709,371,580,366,635,458,644,368,129,5,9,90,307,,,,
1970-01-01 00:00:05.133333333,708,371,579,365,633,458,643,368,129,6,10,90,308,,,,
1970-01-01 00:00:05.150000000,708,371,578,365,633,457,643,368,130,6,10,89,309,,,,
1970-01-01 00:00:05.166666667,707,371,578,365,633,457,642,368,129,6,9,89,310,,,,
1970-01-01 00:00:05.183333333,707,371,578,365,632,457,642,368,129,6,10,89,311,,,,
1970-01-01 00:00:05.200000000,707,371,578,365,632,457,642,368,129,6,10,89,312,,,,
1970-01-01 00:00:05.216666667,707,371,577,365,632,457,642,368,130,6,10,89,313,,,,
1970-01-01 00:00:05.233333333,707,371,577,365,632,457,642,368,130,6,10,89,314,,,,
1970-01-01 00:00:05.250000000,707,371,577,365,632,457,642,368,130,6,10,89,315,,,,
1970-01-01 00:00:05.266666667,706,371,577,365,632,458,641,368,129,6,9,90,316,,,,
1970-01-01 00:00:05.283333333,707,371,577,365,633,458,642,368,130,6,9,90,317,,,,
1970-01-01 00:00:05.300000000,707,372,577,366,633,458,642,369,130,6,9,89,318,,,,
1970-01-01 00:00:05.316666667,708,373,578,366,634,458,643,369,130,7,9,89,319,,,,
1970-01-01 00:00:05.333333333,709,373,580,365,635,458,644,369,129,8,9,89,320,,,,
1970-01-01 00:00:05.350000000,714,373,584,365,639,458,649,369,130,8,10,89,321,,,,
1970-01-01 00:00:05.366666667,720,372,590,365,647,459,655,368,130,7,8,91,322,,,,
1970-01-01 00:00:05.383333333,728,372,599,365,658,459,663,368,129,7,5,91,323,,,,
1970-01-01 00:00:05.400000000,736,371,609,366,670,459,672,368,127,5,2,91,324,,,,
1970-01-01 00:00:05.416666667,741,372,616,366,679,460,678,369,125,6,1,91,325,,,,
1970-01-01 00:00:05.433333333,745,372,622,366,685,459,683,369,123,6,2,90,326,,,,
1970-01-01 00:00:05.450000000,749,372,628,366,691,460,688,369,121,6,3,91,327,,,,
1970-01-01 00:00:05.466666667,751,373,630,366,693,460,690,369,121,7,3,91,328,,,,
1970-01-01 00:00:05.483333333,751,373,632,366,694,460,691,369,119,7,3,91,329,,,,
1970-01-01 00:00:05.500000000,752,373,632,366,694,460,692,369,120,7,2,91,330,,,,
1970-01-01 00:00:05.516666666,752,373,632,366,694,460,692,369,120,7,2,91,331,,,,
1970-01-01 00:00:05.533333332,751,373,632,366,693,460,691,369,119,7,2,91,332,,,,
1970-01-01 00:00:05.550000000,751,374,630,367,691,461,690,370,121,7,1,91,333,,,,
1970-01-01 00:00:05.566666667,750,375,628,368,690,461,689,371,122,7,1,90,334,,,,
1970-01-01 00:00:05.583333333,749,376,626,368,688,462,687,372,123,8,1,90,335,,,,
1970-01-01 00:00:05.600000000,748,376,624,368,685,462,686,372,124,8,1,90,336,,,,
1970-01-01 00:00:05.616666667,747,377,623,369,684,463,685,373,124,8,1,90,337,,,,
1970-01-01 00:00:05.633333333,746,377,621,369,682,464,683,373,125,8,1,91,338,,,,
1970-01-01 00:00:05.650000000,744,378,621,370,681,464,682,374,123,8,1,90,339,,,,
1970-01-01 00:00:05.666666667,744,381,621,373,680,466,682,377,123,8,2,89,340,,,,
1970-01-01 00:00:05.683333333,744,387,620,380,678,469,682,383,124,7,4,86,341,,,,
1970-01-01 00:00:05.700000000,741,388,616,380,675,470,678,384,125,8,3,86,342,,,,
1970-01-01 00:00:05.716666667,740,388,609,380,671,470,674,384,131,8,3,86,343,,,,
1970-01-01 00:00:05.733333333,737,386,610,377,669,470,673,381,127,9,4,89,344,,,,
1970-01-01 00:00:05.750000000,736,385,607,376,664,470,671,380,129,9,7,90,345,,,,
1970-01-01 00:00:05.766666667,731,385,602,375,659,470,666,380,129,10,7,90,346,,,,
1970-01-01 00:00:05.783333333,729,383,600,374,654,469,664,378,129,9,10,91,347,,,,
1970-01-01 00:00:05.800000000,725,383,595,374,650,469,660,378,130,9,10,91,348,,,,
1970-01-01 00:00:05.816666667,723,383,592,373,647,468,657,378,131,10,10,90,349,,,,
1970-01-01 00:00:05.833333333,720,383,591,373,646,469,655,378,129,10,9,91,350,,,,
1970-01-01 00:00:05.850000000,721,383,590,375,645,469,655,379,131,8,10,90,351,,,,
1970-01-01 00:00:05.866666667,720,383,589,375,645,470,654,379,131,8,9,91,352,,,,
1970-01-01 00:00:05.883333333,720,383,589,376,645,471,654,379,131,7,9,92,353,,,,
1970-01-01 00:00:05.900000000,720,384,589,377,645,471,654,380,131,7,9,91,354,,,,
1970-01-01 00:00:05.916666667,719,384,588,378,644,472,653,381,131,6,9,91,355,,,,
1970-01-01 00:00:05.933333333,718,385,587,379,644,472,652,382,131,6,8,90,356,,,,
1970-01-01 00:00:05.950000000,717,385,586,379,644,473,651,382,131,6,7,91,357,,,,
1970-01-01 00:00:05.966666667,717,386,586,380,643,474,651,383,131,6,8,91,358,,,,
1970-01-01 00:00:05.983333333,717,386,586,381,643,474,651,383,131,5,8,91,359,,,,
1970-01-01 00:00:06.000000000,716,386,585,381,643,475,650,383,131,5,7,92,360,,,,
1970-01-01 00:00:06.016666667,716,386,584,382,643,475,650,384,132,4,7,91,361,,,,
1970-01-01 00:00:06.033333333,715,386,583,382,642,475,649,384,132,4,7,91,362,,,,
1970-01-01 00:00:06.050000000,714,386,582,382,641,475,648,384,132,4,7,91,363,,,,
1970-01-01 00:00:06.066666667,713,386,581,383,641,476,647,384,132,3,6,92,364,,,,
1970-01-01 00:00:06.083333333,711,386,579,383,639,476,645,384,132,3,6,92,365,,,,
1970-01-01 00:00:06.100000000,710,386,578,383,638,476,644,384,132,3,6,92,366,,,,
1970-01-01 00:00:06.116666667,708,386,578,383,637,476,643,384,130,3,6,92,367,,,,
1970-01-01 00:00:06.133333333,707,386,576,383,636,476,641,384,131,3,5,92,368,,,,
1970-01-01 00:00:06.150000000,706,385,575,383,634,476,640,384,131,2,6,92,369,,,,
1970-01-01 00:00:06.166666667,705,385,574,383,634,475,639,384,131,2,5,91,370,,,,
1970-01-01 00:00:06.183333333,704,385,573,383,633,476,638,384,131,2,5,92,371,,,,
1970-01-01 00:00:06.200000000,704,385,573,384,633,476,638,384,131,1,5,92,372,,,,
1970-01-01 00:00:06.216666667,703,385,571,384,631,476,637,384,132,1,6,92,373,,,,
1970-01-01 00:00:06.233333333,702,385,571,384,631,476,636,384,131,1,5,92,374,,,,
1970-01-01 00:00:06.250000000,701,385,570,384,630,476,635,384,131,1,5,92,375,,,,
1970-01-01 00:00:06.266666667,700,385,569,384,629,476,634,384,131,1,5,92,376,,,,
1970-01-01 00:00:06.283333333,699,385,568,384,628,476,633,384,131,1,5,92,377,,,,
1970-01-01 00:00:06.300000000,698,385,567,384,628,476,632,384,131,1,4,92,378,,,,
1970-01-01 00:00:06.316666667,698,384,566,384,628,476,632,384,132,0,4,92,379,,,,
1970-01-01 00:00:06.333333333,698,384,566,383,627,476,632,383,132,1,5,93,380,,,,
1970-01-01 00:00:06.350000000,698,384,566,383,627,476,632,383,132,1,5,93,381,,,,
1970-01-01 00:00:06.366666667,698,384,566,383,627,475,632,383,132,1,5,92,382,,,,
1970-01-01 00:00:06.383333333,698,384,567,383,627,475,632,383,131,1,5,92,383,,,,
1970-01-01 00:00:06.400000000,698,384,567,383,627,475,632,383,131,1,5,92,384,,,,
1970-01-01 00:00:06.416666667,698,384,567,383,627,475,632,383,131,1,5,92,385,,,,
1970-01-01 00:00:06.433333333,699,384,567,383,627,475,633,383,132,1,6,92,386,,,,
1970-01-01 00:00:06.450000000,699,384,568,383,628,475,633,383,131,1,5,92,387,,,,
1970-01-01 00:00:06.466666667,699,387,568,386,628,476,633,386,131,1,5,90,388,,,,
1970-01-01 00:00:06.483333333,700,390,570,390,628,478,635,390,130,0,7,88,389,,,,
1970-01-01 00:00:06.500000000,697,392,567,391,628,478,632,391,130,1,4,87,390,,,,
1970-01-01 00:00:06.516666666,700,390,569,389,629,477,634,389,131,1,5,88,391,,,,
1970-01-01 00:00:06.533333332,700,387,568,386,629,476,634,386,132,1,5,90,392,,,,
1970-01-01 00:00:06.550000000,701,385,568,384,629,476,634,384,133,1,5,92,393,,,,
1970-01-01 00:00:06.566666667,700,383,569,384,629,476,634,383,131,1,5,93,394,,,,
1970-01-01 00:00:06.583333333,701,384,568,383,630,475,634,383,133,1,4,92,395,,,,
1970-01-01 00:00:06.600000000,701,384,569,383,630,475,635,383,132,1,5,92,396,,,,
1970-01-01 00:00:06.616666667,700,384,568,383,630,475,634,383,132,1,4,92,397,,,,
1970-01-01 00:00:06.633333333,701,383,569,383,630,475,635,383,132,0,5,92,398,,,,
1970-01-01 00:00:06.650000000,700,383,568,383,629,475,634,383,132,0,5,92,399,,,,
1970-01-01 00:00:06.666666667,701,383,569,382,630,475,635,382,132,1,5,93,400,,,,
1970-01-01 00:00:06.683333333,701,383,568,382,629,474,634,382,133,1,5,92,401,,,,
1970-01-01 00:00:06.700000000,701,383,569,382,630,475,635,382,132,1,5,93,402,,,,
1970-01-01 00:00:06.716666667,701,383,570,382,629,474,635,382,131,1,6,92,403,,,,
1970-01-01 00:00:06.733333333,702,383,571,382,631,474,636,382,131,1,5,92,404,,,,
1970-01-01 00:00:06.750000000,702,383,571,383,630,474,636,383,131,0,6,91,405,,,,
1970-01-01 00:00:06.766666667,703,383,571,382,631,475,637,382,132,1,6,93,406,,,,
1970-01-01 00:00:06.783333333,702,383,570,382,630,474,636,382,132,1,6,92,407,,,,
1970-01-01 00:00:06.800000000,703,384,571,383,631,475,637,383,132,1,6,92,408,,,,
1970-01-01 00:00:06.816666667,703,384,571,383,631,474,637,383,132,1,6,91,409,,,,
1970-01-01 00:00:06.833333333,704,384,571,383,631,475,637,383,133,1,6,92,410,,,,
1970-01-01 00:00:06.850000000,703,384,571,383,631,475,637,383,132,1,6,92,411,,,,
1970-01-01 00:00:06.866666667,704,384,572,383,631,476,638,383,132,1,7,93,412,,,,
1970-01-01 00:00:06.883333333,703,384,571,383,631,475,637,383,132,1,6,92,413,,,,
1970-01-01 00:00:06.900000000,704,384,572,383,631,475,638,383,132,1,7,92,414,,,,
1970-01-01 00:00:06.916666667,703,384,571,383,631,475,637,383,132,1,6,92,415,,,,
1970-01-01 00:00:06.933333333,703,384,571,383,631,476,637,383,132,1,6,93,416,,,,
1970-01-01 00:00:06.950000000,702,385,570,383,631,476,636,384,132,2,5,92,417,,,,
1970-01-01 00:00:06.966666667,703,384,571,383,631,476,637,383,132,1,6,93,418,,,,
1970-01-01 00:00:06.983333333,702,385,570,383,631,475,636,384,132,2,5,91,419,,,,
1970-01-01 00:00:07.000000000,703,385,571,384,631,476,637,384,132,1,6,92,420,,,,
1970-01-01 00:00:07.016666667,702,385,570,383,631,475,636,384,132,2,5,91,421,,,,
1970-01-01 00:00:07.033333333,703,385,571,384,631,476,637,384,132,1,6,92,422,,,,
1970-01-01 00:00:07.050000000,702,385,571,383,631,475,636,384,131,2,5,91,423,,,,
1970-01-01 00:00:07.066666667,703,386,571,385,631,476,637,385,132,1,6,91,424,,,,
1970-01-01 00:00:07.083333333,703,386,572,384,631,476,637,385,131,2,6,91,425,,,,
1970-01-01 00:00:07.100000000,704,386,572,384,632,476,638,385,132,2,6,91,426,,,,
1970-01-01 00:00:07.116666667,703,385,572,384,632,476,637,384,131,1,5,92,427,,,,
1970-01-01 00:00:07.133333333,704,385,572,384,632,476,638,384,132,1,6,92,428,,,,
1970-01-01 00:00:07.150000000,703,385,572,384,632,476,637,384,131,1,5,92,429,,,,
1970-01-01 00:00:07.166666667,704,385,572,384,632,476,638,384,132,1,6,92,430,,,,
1970-01-01 00:00:07.183333333,703,385,572,384,632,475,637,384,131,1,5,91,431,,,,
1970-01-01 00:00:07.200000000,704,384,572,383,632,475,638,383,132,1,6,92,432,,,,
1970-01-01 00:00:07.216666667,703,384,572,383,632,474,637,383,131,1,5,91,433,,,,
1970-01-01 00:00:07.233333333,704,384,572,383,632,475,638,383,132,1,6,92,434,,,,
1970-01-01 00:00:07.250000000,703,384,572,383,632,474,637,383,131,1,5,91,435,,,,
1970-01-01 00:00:07.266666667,704,384,572,383,632,474,638,383,132,1,6,91,436,,,,
1970-01-01 00:00:07.283333333,703,384,572,383,631,474,637,383,131,1,6,91,437,,,,
1970-01-01 00:00:07.300000000,704,383,572,383,632,474,638,383,132,0,6,91,438,,,,
1970-01-01 00:00:07.316666667,703,383,572,382,631,474,637,382,131,1,6,92,439,,,,
1970-01-01 00:00:07.333333333,704,384,572,383,632,474,638,383,132,1,6,91,440,,,,
1970-01-01 00:00:07.350000000,703,383,572,382,631,474,637,382,131,1,6,92,441,,,,
1970-01-01 00:00:07.366666667,704,384,572,383,632,474,638,383,132,1,6,91,442,,,,
1970-01-01 00:00:07.383333333,703,383,572,382,631,474,637,382,131,1,6,92,443,,,,
1970-01-01 00:00:07.400000000,704,384,572,382,632,474,638,383,132,2,6,91,444,,,,
1970-01-01 00:00:07.416666667,703,384,572,382,632,474,637,383,131,2,5,91,445,,,,
1970-01-01 00:00:07.433333333,704,383,572,382,632,474,638,382,132,1,6,92,446,,,,
1970-01-01 00:00:07.450000000,703,384,572,382,632,474,637,383,131,2,5,91,447,,,,
1970-01-01 00:00:07.466666667,704,384,573,382,632,474,638,383,131,2,6,91,448,,,,
1970-01-01 00:00:07.483333333,704,384,573,383,632,474,638,383,131,1,6,91,449,,,,
1970-01-01 00:00:07.500000000,705,384,573,383,633,474,639,383,132,1,6,91,450,,,,
1970-01-01 00:00:07.516666666,705,384,573,382,633,474,639,383,132,2,6,91,451,,,,
1970-01-01 00:00:07.533333332,705,384,573,383,633,475,639,383,132,1,6,92,452,,,,
1970-01-01 00:00:07.550000000,705,384,574,382,633,474,639,383,131,2,6,91,453,,,,
1970-01-01 00:00:07.566666667,705,384,573,383,633,474,639,383,132,1,6,91,454,,,,
1970-01-01 00:00:07.583333333,705,384,573,382,633,475,639,383,132,2,6,92,455,,,,
1970-01-01 00:00:07.600000000,705,384,573,382,633,474,639,383,132,2,6,91,456,,,,
1970-01-01 00:00:07.616666667,705,384,573,382,633,474,639,383,132,2,6,91,457,,,,
1970-01-01 00:00:07.633333333,705,384,573,383,633,474,639,383,132,1,6,91,458,,,,
1970-01-01 00:00:07.650000000,705,384,573,382,633,474,639,383,132,2,6,91,459,,,,
1970-01-01 00:00:07.666666667,705,383,573,382,633,474,639,382,132,1,6,92,460,,,,
1970-01-01 00:00:07.683333333,704,384,573,382,633,474,638,383,131,2,5,91,461,,,,
1970-01-01 00:00:07.700000000,705,384,573,382,633,474,639,383,132,2,6,91,462,,,,
1970-01-01 00:00:07.716666667,705,383,573,381,633,474,639,382,132,2,6,92,463,,,,
1970-01-01 00:00:07.733333333,705,382,574,381,633,474,639,381,131,1,6,93,464,,,,
1970-01-01 00:00:07.750000000,705,382,573,381,633,473,639,381,132,1,6,92,465,,,,
1970-01-01 00:00:07.766666667,705,382,574,381,633,474,639,381,131,1,6,93,466,,,,
1970-01-01 00:00:07.783333333,705,382,573,380,633,473,639,381,132,2,6,92,467,,,,
1970-01-01 00:00:07.800000000,706,382,574,381,633,473,640,381,132,1,7,92,468,,,,
1970-01-01 00:00:07.816666667,705,382,574,381,633,473,639,381,131,1,6,92,469,,,,
1970-01-01 00:00:07.833333333,706,382,574,381,633,474,640,381,132,1,7,93,470,,,,
1970-01-01 00:00:07.850000000,705,382,573,381,633,473,639,381,132,1,6,92,471,,,,
1970-01-01 00:00:07.866666667,706,382,574,381,633,473,640,381,132,1,7,92,472,,,,
1970-01-01 00:00:07.883333333,705,382,574,381,633,473,639,381,131,1,6,92,473,,,,
1970-01-01 00:00:07.900000000,705,382,574,381,633,474,639,381,131,1,6,93,474,,,,
1970-01-01 00:00:07.916666667,705,382,573,381,633,473,639,381,132,1,6,92,475,,,,
1970-01-01 00:00:07.933333333,705,382,574,381,633,474,639,381,131,1,6,93,476,,,,
1970-01-01 00:00:07.950000000,705,382,573,380,633,473,639,381,132,2,6,92,477,,,,
1970-01-01 00:00:07.966666667,705,382,574,381,633,474,639,381,131,1,6,93,478,,,,
1970-01-01 00:00:07.983333333,704,383,573,381,633,473,638,382,131,2,5,91,479,,,,
1970-01-01 00:00:08.000000000,704,388,574,386,632,476,639,387,130,2,7,89,480,,,,
1970-01-01 00:00:08.016666667,703,393,571,388,632,477,637,390,132,5,5,87,481,,,,
1970-01-01 00:00:08.033333333,705,388,574,387,633,476,639,387,131,1,6,89,482,,,,
1970-01-01 00:00:08.050000000,705,385,573,384,632,475,639,384,132,1,7,91,483,,,,
1970-01-01 00:00:08.066666667,705,384,573,383,633,475,639,383,132,1,6,92,484,,,,
1970-01-01 00:00:08.083333333,705,384,573,382,633,474,639,383,132,2,6,91,485,,,,
1970-01-01 00:00:08.100000000,705,383,573,381,633,474,639,382,132,2,6,92,486,,,,
1970-01-01 00:00:08.116666667,705,383,573,381,633,474,639,382,132,2,6,92,487,,,,
1970-01-01 00:00:08.133333333,706,383,574,381,634,474,640,382,132,2,6,92,488,,,,
1970-01-01 00:00:08.150000000,705,383,574,381,633,474,639,382,131,2,6,92,489,,,,
1970-01-01 00:00:08.166666667,706,383,574,381,634,474,640,382,132,2,6,92,490,,,,
1970-01-01 00:00:08.183333333,706,383,574,381,634,474,640,382,132,2,6,92,491,,,,
1970-01-01 00:00:08.200000000,706,383,575,381,634,474,640,382,131,2,6,92,492,,,,
1970-01-01 00:00:08.216666667,706,383,574,381,634,474,640,382,132,2,6,92,493,,,,
1970-01-01 00:00:08.233333333,706,383,574,381,634,474,640,382,132,2,6,92,494,,,,
1970-01-01 00:00:08.250000000,706,383,574,381,633,474,640,382,132,2,7,92,495,,,,
1970-01-01 00:00:08.266666667,706,383,574,382,633,474,640,382,132,1,7,92,496,,,,
1970-01-01 00:00:08.283333333,706,384,574,382,633,474,640,383,132,2,7,91,497,,,,
1970-01-01 00:00:08.300000000,706,384,574,383,633,475,640,383,132,1,7,92,498,,,,
1970-01-01 00:00:08.316666667,705,385,574,383,633,475,639,384,131,2,6,91,499,,,,
1970-01-01 00:00:08.333333333,706,385,574,383,634,475,640,384,132,2,6,91,500,,,,
1970-01-01 00:00:08.350000000,706,385,575,384,634,476,640,384,131,1,6,92,501,,,,
1970-01-01 00:00:08.366666667,708,387,575,384,635,476,641,385,133,3,6,91,502,,,,
1970-01-01 00:00:08.383333333,709,386,577,384,636,476,643,385,132,2,7,91,503,,,,
1970-01-01 00:00:08.400000000,710,386,579,383,637,476,644,384,131,3,7,92,504,,,,
1970-01-01 00:00:08.416666667,712,386,581,383,639,476,646,384,131,3,7,92,505,,,,
1970-01-01 00:00:08.433333333,716,385,584,382,644,475,650,383,132,3,6,92,506,,,,
1970-01-01 00:00:08.450000000,721,385,590,382,652,475,655,383,131,3,3,92,507,,,,
1970-01-01 00:00:08.466666667,728,385,597,382,659,475,662,383,131,3,3,92,508,,,,
1970-01-01 00:00:08.483333333,735,383,607,381,669,474,671,382,128,2,2,92,509,,,,
1970-01-01 00:00:08.500000000,742,382,617,380,681,474,679,381,125,2,2,93,510,,,,
1970-01-01 00:00:08.516666666,749,383,626,378,691,473,687,380,123,5,4,93,511,,,,
1970-01-01 00:00:08.533333332,755,381,636,378,700,472,695,379,119,3,5,93,512,,,,
1970-01-01 00:00:08.550000000,761,381,644,377,709,472,702,379,117,4,7,93,513,,,,
1970-01-01 00:00:08.566666667,766,381,651,377,717,471,708,379,115,4,9,92,514,,,,
1970-01-01 00:00:08.583333333,771,381,660,376,722,470,715,378,111,5,7,92,515,,,,
1970-01-01 00:00:08.600000000,775,382,665,377,727,471,720,379,110,5,7,92,516,,,,
1970-01-01 00:00:08.616666667,779,382,670,377,731,471,724,379,109,5,7,92,517,,,,
1970-01-01 00:00:08.633333333,782,383,674,377,734,471,728,380,108,6,6,91,518,,,,
1970-01-01 00:00:08.650000000,784,384,676,377,736,471,730,380,108,7,6,91,519,,,,
1970-01-01 00:00:08.666666667,785,385,678,376,737,471,731,380,107,9,6,91,520,,,,
1970-01-01 00:00:08.683333333,786,385,679,376,737,472,732,380,107,9,5,92,521,,,,
1970-01-01 00:00:08.700000000,787,385,679,376,738,472,733,380,108,9,5,92,522,,,,
1970-01-01 00:00:08.716666667,787,386,678,376,737,473,732,381,109,10,5,92,523,,,,
1970-01-01 00:00:08.733333333,787,386,678,377,737,472,732,381,109,9,5,91,524,,,,
1970-01-01 00:00:08.750000000,787,386,677,376,736,473,732,381,110,10,4,92,525,,,,
1970-01-01 00:00:08.766666667,786,386,677,376,736,472,731,381,109,10,5,91,526,,,,
1970-01-01 00:00:08.783333333,786,387,677,375,735,472,731,381,109,12,4,91,527,,,,
1970-01-01 00:00:08.800000000,785,386,675,375,734,472,730,380,110,11,4,92,528,,,,
1970-01-01 00:00:08.816666667,782,385,672,375,731,472,727,380,110,10,4,92,529,,,,
1970-01-01 00:00:08.833333333,778,385,664,375,724,471,721,380,114,10,3,91,530,,,,
1970-01-01 00:00:08.850000000,770,384,653,374,712,470,711,379,117,10,1,91,531,,,,
1970-01-01 00:00:08.866666667,760,384,636,372,697,469,698,378,124,12,1,91,532,,,,
1970-01-01 00:00:08.883333333,748,382,619,373,679,468,683,377,129,9,4,91,533,,,,
1970-01-01 00:00:08.900000000,732,381,603,372,657,466,667,376,129,9,10,90,534,,,,
1970-01-01 00:00:08.916666667,717,380,587,371,640,465,652,375,130,9,12,90,535,,,,
1970-01-01 00:00:08.933333333,703,379,574,371,627,464,638,375,129,8,11,89,536,,,,
1970-01-01 00:00:08.950000000,693,376,566,370,616,462,629,373,127,6,13,89,537,,,,
1970-01-01 00:00:08.966666667,685,374,558,370,610,461,621,372,127,4,11,89,538,,,,
1970-01-01 00:00:08.983333333,679,373,554,370,604,460,616,371,125,3,12,89,539,,,,
1970-01-01 00:00:09.000000000,675,372,550,369,602,460,612,370,125,3,10,90,540,,,,
1970-01-01 00:00:09.016666667,674,370,548,370,601,460,611,370,126,0,10,90,541,,,,
1970-01-01 00:00:09.033333333,674,370,548,370,600,460,611,370,126,0,11,90,542,,,,
1970-01-01 00:00:09.050000000,675,370,548,370,601,460,611,370,127,0,10,90,543,,,,
1970-01-01 00:00:09.066666667,676,370,548,371,602,459,612,370,128,1,10,89,544,,,,
1970-01-01 00:00:09.083333333,676,370,548,371,603,460,612,370,128,1,9,90,545,,,,
1970-01-01 00:00:09.100000000,676,370,548,371,604,460,612,370,128,1,8,90,546,,,,
1970-01-01 00:00:09.116666667,675,370,547,371,603,460,611,370,128,1,8,90,547,,,,
1970-01-01 00:00:09.133333333,676,371,548,372,605,460,612,371,128,1,7,89,548,,,,
1970-01-01 00:00:09.150000000,678,371,549,371,606,460,613,371,129,0,7,89,549,,,,
1970-01-01 00:00:09.166666667,681,370,552,371,608,460,616,370,129,1,8,90,550,,,,
1970-01-01 00:00:09.183333333,684,371,555,371,612,461,619,371,129,0,7,90,551,,,,
1970-01-01 00:00:09.200000000,689,371,559,371,617,461,624,371,130,0,7,90,552,,,,
1970-01-01 00:00:09.216666667,693,373,563,370,621,461,628,371,130,3,7,90,553,,,,
1970-01-01 00:00:09.233333333,698,373,567,371,626,462,632,372,131,2,6,90,554,,,,
1970-01-01 00:00:09.250000000,703,374,572,372,631,463,637,373,131,2,6,90,555,,,,
1970-01-01 00:00:09.266666667,707,376,576,373,635,464,641,374,131,3,6,90,556,,,,
1970-01-01 00:00:09.283333333,710,376,580,372,639,465,645,374,130,4,6,91,557,,,,
1970-01-01 00:00:09.300000000,714,376,583,373,643,465,648,374,131,3,5,91,558,,,,
1970-01-01 00:00:09.316666667,716,377,586,373,645,465,651,375,130,4,6,90,559,,,,
1970-01-01 00:00:09.333333333,717,378,587,373,646,466,652,375,130,5,6,91,560,,,,
1970-01-01 00:00:09.350000000,718,378,588,373,646,466,653,375,130,5,7,91,561,,,,
1970-01-01 00:00:09.366666667,718,379,588,373,646,466,653,376,130,6,7,90,562,,,,
1970-01-01 00:00:09.383333333,718,379,588,373,646,466,653,376,130,6,7,90,563,,,,
1970-01-01 00:00:09.400000000,718,379,588,373,646,466,653,376,130,6,7,90,564,,,,
1970-01-01 00:00:09.416666667,718,379,588,373,646,466,653,376,130,6,7,90,565,,,,
1970-01-01 00:00:09.433333333,718,380,588,374,645,466,653,377,130,6,8,89,566,,,,
1970-01-01 00:00:09.450000000,718,379,588,374,645,466,653,376,130,5,8,90,567,,,,
1970-01-01 00:00:09.466666667,717,380,587,374,645,467,652,377,130,6,7,90,568,,,,
1970-01-01 00:00:09.483333333,718,379,587,375,645,467,652,377,131,4,7,90,569,,,,
1970-01-01 00:00:09.500000000,717,380,587,375,645,468,652,377,130,5,7,91,570,,,,
1970-01-01 00:00:09.516666666,717,380,587,376,645,468,652,378,130,4,7,90,571,,,,
1970-01-01 00:00:09.533333332,717,381,586,377,645,469,651,379,131,4,6,90,572,,,,
1970-01-01 00:00:09.550000000,717,381,586,377,646,469,651,379,131,4,5,90,573,,,,
1970-01-01 00:00:09.566666667,717,381,586,378,646,469,651,379,131,3,5,90,574,,,,
1970-01-01 00:00:09.583333333,717,382,587,378,646,470,652,380,130,4,6,90,575,,,,
1970-01-01 00:00:09.600000000,718,382,587,378,646,470,652,380,131,4,6,90,576,,,,
1970-01-01 00:00:09.616666667,718,382,588,378,647,470,653,380,130,4,6,90,577,,,,
1970-01-01 00:00:09.633333333,719,382,588,377,647,470,653,379,131,5,6,91,578,,,,
1970-01-01 00:00:09.650000000,718,382,589,378,647,470,653,380,129,4,6,90,579,,,,
1970-01-01 00:00:09.666666667,719,383,589,378,647,471,654,380,130,5,7,91,580,,,,
1970-01-01 00:00:09.683333333,719,383,589,378,647,471,654,380,130,5,7,91,581,,,,
1970-01-01 00:00:09.700000000,719,383,589,378,647,471,654,380,130,5,7,91,582,,,,
1970-01-01 00:00:09.716666667,719,383,588,378,647,471,653,380,131,5,6,91,583,,,,
1970-01-01 00:00:09.733333333,719,383,589,378,647,471,654,380,130,5,7,91,584,,,,
1970-01-01 00:00:09.750000000,719,383,588,378,647,471,653,380,131,5,6,91,585,,,,
1970-01-01 00:00:09.766666667,720,383,589,379,647,472,654,381,131,4,7,91,586,,,,
1970-01-01 00:00:09.783333333,720,383,589,379,647,472,654,381,131,4,7,91,587,,,,
1970-01-01 00:00:09.800000000,720,384,589,379,647,472,654,381,131,5,7,91,588,,,,
1970-01-01 00:00:09.816666667,720,384,589,379,647,472,654,381,131,5,7,91,589,,,,
1970-01-01 00:00:09.833333333,720,384,589,379,648,472,654,381,131,5,6,91,590,,,,
1970-01-01 00:00:09.850000000,720,385,589,379,648,472,654,382,131,6,6,90,591,,,,
1970-01-01 00:00:09.866666667,720,385,589,379,648,472,654,382,131,6,6,90,592,,,,
1970-01-01 00:00:09.883333333,721,385,590,379,648,472,655,382,131,6,7,90,593,,,,
1970-01-01 00:00:09.900000000,721,385,590,380,648,473,655,382,131,5,7,91,594,,,,
1970-01-01 00:00:09.916666667,721,385,590,380,648,473,655,382,131,5,7,91,595,,,,
1970-01-01 00:00:09.933333333,720,385,589,380,648,473,654,382,131,5,6,91,596,,,,
1970-01-01 00:00:09.950000000,720,386,589,380,647,473,654,383,131,6,7,90,597,,,,
1970-01-01 00:00:09.966666667,720,385,589,380,647,473,654,382,131,5,7,91,598,,,,
1970-01-01 00:00:09.983333333,720,385,589,380,647,473,654,382,131,5,7,91,599,,,,
1970-01-01 00:00:10.000000000,720,385,589,380,647,473,654,382,131,5,7,91,600,,,,
1970-01-01 00:00:10.016666667,719,385,588,380,647,473,653,382,131,5,6,91,601,,,,
1970-01-01 00:00:10.033333333,719,385,588,379,647,473,653,382,131,6,6,91,602,,,,
1970-01-01 00:00:10.050000000,719,385,588,379,646,473,653,382,131,6,7,91,603,,,,
1970-01-01 00:00:10.066666667,719,384,588,379,646,473,653,381,131,5,7,92,604,,,,
1970-01-01 00:00:10.083333333,718,384,587,380,646,473,652,382,131,4,6,91,605,,,,
1970-01-01 00:00:10.100000000,718,384,587,379,646,473,652,381,131,5,6,92,606,,,,
1970-01-01 00:00:10.116666667,718,384,587,380,646,473,652,382,131,4,6,91,607,,,,
1970-01-01 00:00:10.133333333,718,384,587,380,645,473,652,382,131,4,7,91,608,,,,
1970-01-01 00:00:10.150000000,721,385,591,380,646,473,656,382,130,5,10,91,609,,,,
1970-01-01 00:00:10.166666667,721,385,591,381,646,473,656,383,130,4,10,90,610,,,,
1970-01-01 00:00:10.183333333,721,385,591,380,646,473,656,382,130,5,10,91,611,,,,
1970-01-01 00:00:10.200000000,721,385,591,381,646,472,656,383,130,4,10,89,612,,,,
1970-01-01 00:00:10.216666667,721,385,591,381,645,473,656,383,130,4,11,90,613,,,,
1970-01-01 00:00:10.233333333,721,385,591,380,645,472,656,382,130,5,11,90,614,,,,
1970-01-01 00:00:10.250000000,721,385,591,381,645,472,656,383,130,4,11,89,615,,,,
1970-01-01 00:00:10.266666667,722,384,592,380,646,472,657,382,130,4,11,90,616,,,,
1970-01-01 00:00:10.283333333,722,385,592,380,646,472,657,382,130,5,11,90,617,,,,
1970-01-01 00:00:10.300000000,721,387,593,383,646,473,657,385,128,4,11,88,618,,,,
1970-01-01 00:00:10.316666667,720,392,591,386,646,474,655,389,129,6,9,85,619,,,,
1970-01-01 00:00:10.333333333,716,392,585,386,645,474,650,389,131,6,5,85,620,,,,
1970-01-01 00:00:10.350000000,716,392,588,386,645,474,652,389,128,6,7,85,621,,,,
1970-01-01 00:00:10.366666667,719,391,588,385,646,474,653,388,131,6,7,86,622,,,,
1970-01-01 00:00:10.383333333,720,387,589,382,647,473,654,384,131,5,7,89,623,,,,
1970-01-01 00:00:10.400000000,719,385,589,381,647,472,654,383,130,4,7,89,624,,,,
1970-01-01 00:00:10.416666667,720,384,588,380,647,472,654,382,132,4,7,90,625,,,,
1970-01-01 00:00:10.433333333,720,384,589,379,647,471,654,381,131,5,7,90,626,,,,
1970-01-01 00:00:10.450000000,719,383,589,378,648,471,654,380,130,5,6,91,627,,,,
1970-01-01 00:00:10.466666667,720,383,589,378,648,471,654,380,131,5,6,91,628,,,,
1970-01-01 00:00:10.483333333,720,383,589,378,647,471,654,380,131,5,7,91,629,,,,
1970-01-01 00:00:10.500000000,720,383,589,379,648,471,654,381,131,4,6,90,630,,,,
1970-01-01 00:00:10.516666666,720,383,589,378,648,471,654,380,131,5,6,91,631,,,,
1970-01-01 00:00:10.533333332,720,383,589,378,647,471,654,380,131,5,7,91,632,,,,
1970-01-01 00:00:10.550000000,720,383,589,378,647,471,654,380,131,5,7,91,633,,,,
1970-01-01 00:00:10.566666667,720,383,589,378,647,471,654,380,131,5,7,91,634,,,,
1970-01-01 00:00:10.583333333,720,383,589,378,647,471,654,380,131,5,7,91,635,,,,
1970-01-01 00:00:10.600000000,720,383,589,378,647,471,654,380,131,5,7,91,636,,,,
1970-01-01 00:00:10.616666667,720,383,589,378,647,471,654,380,131,5,7,91,637,,,,
1970-01-01 00:00:10.633333333,720,383,589,378,647,471,654,380,131,5,7,91,638,,,,
1970-01-01 00:00:10.650000000,720,383,589,378,647,471,654,380,131,5,7,91,639,,,,
1970-01-01 00:00:10.666666667,720,383,589,378,647,472,654,380,131,5,7,92,640,,,,
1970-01-01 00:00:10.683333333,720,383,589,378,647,472,654,380,131,5,7,92,641,,,,
1970-01-01 00:00:10.700000000,720,383,589,378,647,472,654,380,131,5,7,92,642,,,,
1970-01-01 00:00:10.716666667,720,383,589,378,647,472,654,380,131,5,7,92,643,,,,
1970-01-01 00:00:10.733333333,720,383,589,378,647,472,654,380,131,5,7,92,644,,,,
1970-01-01 00:00:10.750000000,721,383,589,378,647,472,655,380,132,5,8,92,645,,,,
1970-01-01 00:00:10.766666667,720,383,588,379,647,472,654,381,132,4,7,91,646,,,,
1970-01-01 00:00:10.783333333,720,384,588,378,647,472,654,381,132,6,7,91,647,,,,
1970-01-01 00:00:10.800000000,719,384,588,379,647,472,653,381,131,5,6,91,648,,,,
1970-01-01 00:00:10.816666667,719,384,588,378,647,472,653,381,131,6,6,91,649,,,,
1970-01-01 00:00:10.833333333,719,384,588,378,647,472,653,381,131,6,6,91,650,,,,
1970-01-01 00:00:10.850000000,719,384,588,378,647,472,653,381,131,6,6,91,651,,,,
1970-01-01 00:00:10.866666667,719,383,588,378,647,472,653,380,131,5,6,92,652,,,,
1970-01-01 00:00:10.883333333,719,384,588,378,647,472,653,381,131,6,6,91,653,,,,
1970-01-01 00:00:10.900000000,719,384,588,378,647,472,653,381,131,6,6,91,654,,,,
1970-01-01 00:00:10.916666667,719,384,588,379,647,472,653,381,131,5,6,91,655,,,,
1970-01-01 00:00:10.933333333,719,384,588,378,647,472,653,381,131,6,6,91,656,,,,
1970-01-01 00:00:10.950000000,720,384,589,379,647,472,654,381,131,5,7,91,657,,,,
1970-01-01 00:00:10.966666667,720,384,589,378,647,472,654,381,131,6,7,91,658,,,,
1970-01-01 00:00:10.983333333,720,384,588,378,647,472,654,381,132,6,7,91,659,,,,
1970-01-01 00:00:11.000000000,720,384,589,378,647,472,654,381,131,6,7,91,660,,,,
1970-01-01 00:00:11.016666667,720,384,589,378,647,472,654,381,131,6,7,91,661,,,,
1970-01-01 00:00:11.033333333,720,384,589,378,647,472,654,381,131,6,7,91,662,,,,
1970-01-01 00:00:11.050000000,720,384,588,378,647,472,654,381,132,6,7,91,663,,,,
1970-01-01 00:00:11.066666667,720,384,588,378,647,472,654,381,132,6,7,91,664,,,,
1970-01-01 00:00:11.083333333,720,384,588,379,647,472,654,381,132,5,7,91,665,,,,
1970-01-01 00:00:11.100000000,720,384,588,378,647,472,654,381,132,6,7,91,666,,,,
1970-01-01 00:00:11.116666667,719,384,588,378,647,473,653,381,131,6,6,92,667,,,,
1970-01-01 00:00:11.133333333,719,384,588,378,647,472,653,381,131,6,6,91,668,,,,
1970-01-01 00:00:11.150000000,719,384,588,378,647,472,653,381,131,6,6,91,669,,,,
1970-01-01 00:00:11.166666667,719,384,588,378,647,472,653,381,131,6,6,91,670,,,,
1970-01-01 00:00:11.183333333,719,384,588,378,647,472,653,381,131,6,6,91,671,,,,
1970-01-01 00:00:11.200000000,719,384,588,379,646,473,653,381,131,5,7,92,672,,,,
1970-01-01 00:00:11.216666667,719,384,588,378,647,472,653,381,131,6,6,91,673,,,,
1970-01-01 00:00:11.233333333,720,384,588,378,647,472,654,381,132,6,7,91,674,,,,
1970-01-01 00:00:11.250000000,720,383,588,378,647,472,654,380,132,5,7,92,675,,,,
1970-01-01 00:00:11.266666667,720,384,588,378,647,472,654,381,132,6,7,91,676,,,,
1970-01-01 00:00:11.283333333,720,384,589,378,647,472,654,381,131,6,7,91,677,,,,
1970-01-01 00:00:11.300000000,720,384,589,378,647,472,654,381,131,6,7,91,678,,,,
1970-01-01 00:00:11.316666667,720,384,589,378,647,472,654,381,131,6,7,91,679,,,,
1970-01-01 00:00:11.333333333,720,384,589,379,647,472,654,381,131,5,7,91,680,,,,
1970-01-01 00:00:11.350000000,721,384,589,378,647,472,655,381,132,6,8,91,681,,,,
1970-01-01 00:00:11.366666667,720,384,589,378,647,472,654,381,131,6,7,91,682,,,,
1970-01-01 00:00:11.383333333,721,384,589,379,647,472,655,381,132,5,8,91,683,,,,
1970-01-01 00:00:11.400000000,723,384,591,379,648,472,657,381,132,5,9,91,684,,,,
1970-01-01 00:00:11.416666667,724,385,593,379,648,473,658,382,131,6,10,91,685,,,,
1970-01-01 00:00:11.433333333,724,384,593,379,648,472,658,381,131,5,10,91,686,,,,
1970-01-01 00:00:11.450000000,724,384,593,379,648,472,658,381,131,5,10,91,687,,,,
1970-01-01 00:00:11.466666667,723,384,592,379,648,472,657,381,131,5,9,91,688,,,,
1970-01-01 00:00:11.483333333,723,384,592,379,648,472,657,381,131,5,9,91,689,,,,
1970-01-01 00:00:11.500000000,723,383,592,379,648,472,657,381,131,4,9,91,690,,,,
1970-01-01 00:00:11.516666666,723,383,592,379,647,472,657,381,131,4,10,91,691,,,,
1970-01-01 00:00:11.533333332,723,383,592,379,647,472,657,381,131,4,10,91,692,,,,
1970-01-01 00:00:11.550000000,723,384,592,379,647,472,657,381,131,5,10,91,693,,,,
1970-01-01 00:00:11.566666667,723,383,592,378,647,472,657,380,131,5,10,92,694,,,,
1970-01-01 00:00:11.583333333,721,383,589,378,647,472,655,380,132,5,8,92,695,,,,
1970-01-01 00:00:11.600000000,720,383,588,378,647,472,654,380,132,5,7,92,696,,,,
1970-01-01 00:00:11.616666667,719,383,588,377,647,471,653,380,131,6,6,91,697,,,,
1970-01-01 00:00:11.633333333,720,383,588,378,647,472,654,380,132,5,7,92,698,,,,
1970-01-01 00:00:11.650000000,720,383,588,378,646,472,654,380,132,5,8,92,699,,,,
1970-01-01 00:00:11.666666667,720,383,588,378,647,472,654,380,132,5,7,92,700,,,,
1970-01-01 00:00:11.683333333,720,383,588,377,647,472,654,380,132,6,7,92,701,,,,
1970-01-01 00:00:11.700000000,720,383,588,378,647,472,654,380,132,5,7,92,702,,,,
1970-01-01 00:00:11.716666667,720,383,588,377,647,472,654,380,132,6,7,92,703,,,,
1970-01-01 00:00:11.733333333,720,384,589,378,647,472,654,381,131,6,7,91,704,,,,
1970-01-01 00:00:11.750000000,720,383,589,378,647,472,654,380,131,5,7,92,705,,,,
1970-01-01 00:00:11.766666667,720,383,589,377,647,472,654,380,131,6,7,92,706,,,,
1970-01-01 00:00:11.783333333,720,383,589,377,647,472,654,380,131,6,7,92,707,,,,
1970-01-01 00:00:11.800000000,720,383,588,377,647,472,654,380,132,6,7,92,708,,,,
1970-01-01 00:00:11.816666667,720,383,589,377,647,472,654,380,131,6,7,92,709,,,,
1970-01-01 00:00:11.833333333,720,383,588,378,647,472,654,380,132,5,7,92,710,,,,
1970-01-01 00:00:11.850000000,720,383,589,378,647,472,654,380,131,5,7,92,711,,,,
1970-01-01 00:00:11.866666667,720,383,589,378,647,471,654,380,131,5,7,91,712,,,,
1970-01-01 00:00:11.883333333,720,383,589,377,647,472,654,380,131,6,7,92,713,,,,
1970-01-01 00:00:11.900000000,721,383,589,377,647,472,655,380,132,6,8,92,714,,,,
1970-01-01 00:00:11.916666667,721,383,590,377,647,471,655,380,131,6,8,91,715,,,,
1970-01-01 00:00:11.933333333,723,383,592,378,648,471,657,380,131,5,9,91,716,,,,
1970-01-01 00:00:11.950000000,723,383,592,378,648,471,657,380,131,5,9,91,717,,,,
1970-01-01 00:00:11.966666667,723,383,592,378,648,471,657,380,131,5,9,91,718,,,,
1970-01-01 00:00:11.983333333,723,383,592,378,648,471,657,380,131,5,9,91,719,,,,
1970-01-01 00:00:12.000000000,723,383,592,378,648,471,657,380,131,5,9,91,720,,,,
1970-01-01 00:00:12.016666667,723,383,592,379,648,471,657,381,131,4,9,90,721,,,,
1970-01-01 00:00:12.033333333,722,384,592,378,648,471,657,381,130,6,9,90,722,,,,
1970-01-01 00:00:12.050000000,723,383,592,378,648,471,657,380,131,5,9,91,723,,,,
1970-01-01 00:00:12.066666667,723,384,592,378,648,471,657,381,131,6,9,90,724,,,,
1970-01-01 00:00:12.083333333,723,383,592,378,648,471,657,380,131,5,9,91,725,,,,
1970-01-01 00:00:12.100000000,722,384,592,378,648,472,657,381,130,6,9,91,726,,,,
1970-01-01 00:00:12.116666667,723,383,592,378,648,471,657,380,131,5,9,91,727,,,,
1970-01-01 00:00:12.133333333,722,384,592,378,648,471,657,381,130,6,9,90,728,,,,
1970-01-01 00:00:12.150000000,722,383,591,378,648,471,656,380,131,5,8,91,729,,,,
1970-01-01 00:00:12.166666667,718,384,587,377,647,471,652,380,131,7,5,91,730,,,,
1970-01-01 00:00:12.183333333,717,383,586,378,647,471,651,380,131,5,4,91,731,,,,
1970-01-01 00:00:12.200000000,717,383,586,377,647,471,651,380,131,6,4,91,732,,,,
1970-01-01 00:00:12.216666667,717,384,586,377,647,471,651,380,131,7,4,91,733,,,,
1970-01-01 00:00:12.233333333,716,384,585,377,647,471,650,380,131,7,3,91,734,,,,
1970-01-01 00:00:12.250000000,716,383,584,377,646,471,650,380,132,6,4,91,735,,,,
1970-01-01 00:00:12.266666667,711,383,581,377,646,471,646,380,130,6,0,91,736,,,,
1970-01-01 00:00:12.283333333,711,383,581,376,646,471,646,379,130,7,0,92,737,,,,
1970-01-01 00:00:12.300000000,711,383,581,376,646,471,646,379,130,7,0,92,738,,,,
1970-01-01 00:00:12.316666667,712,383,581,376,646,470,646,379,131,7,0,91,739,,,,
1970-01-01 00:00:12.333333333,711,383,581,376,646,471,646,379,130,7,0,92,740,,,,
1970-01-01 00:00:12.350000000,711,383,581,376,646,470,646,379,130,7,0,91,741,,,,
1970-01-01 00:00:12.366666667,711,383,581,376,646,470,646,379,130,7,0,91,742,,,,
1970-01-01 00:00:12.383333333,711,383,581,376,646,470,646,379,130,7,0,91,743,,,,
1970-01-01 00:00:12.400000000,712,383,582,376,646,470,647,379,130,7,1,91,744,,,,
1970-01-01 00:00:12.416666667,712,383,583,376,646,470,647,379,129,7,1,91,745,,,,
1970-01-01 00:00:12.433333333,713,383,582,376,646,470,647,379,131,7,1,91,746,,,,
1970-01-01 00:00:12.450000000,713,383,582,376,646,470,647,379,131,7,1,91,747,,,,
1970-01-01 00:00:12.466666667,713,383,583,376,646,470,648,379,130,7,2,91,748,,,,
1970-01-01 00:00:12.483333333,713,383,582,376,646,470,647,379,131,7,1,91,749,,,,
1970-01-01 00:00:12.500000000,713,383,582,376,646,470,647,379,131,7,1,91,750,,,,
1970-01-01 00:00:12.516666666,713,382,582,376,646,470,647,379,131,6,1,91,751,,,,
1970-01-01 00:00:12.533333332,713,382,582,376,646,470,647,379,131,6,1,91,752,,,,
1970-01-01 00:00:12.550000000,714,382,583,376,646,470,648,379,131,6,2,91,753,,,,
1970-01-01 00:00:12.566666667,714,382,583,376,646,470,648,379,131,6,2,91,754,,,,
1970-01-01 00:00:12.583333333,714,382,583,376,646,470,648,379,131,6,2,91,755,,,,
1970-01-01 00:00:12.600000000,714,382,583,376,646,470,648,379,131,6,2,91,756,,,,
1970-01-01 00:00:12.616666667,713,382,583,376,646,470,648,379,130,6,2,91,757,,,,
1970-01-01 00:00:12.633333333,713,382,583,376,646,470,648,379,130,6,2,91,758,,,,
1970-01-01 00:00:12.650000000,714,382,583,376,646,470,648,379,131,6,2,91,759,,,,
1970-01-01 00:00:12.666666667,714,382,584,375,646,470,649,378,130,7,3,92,760,,,,
1970-01-01 00:00:12.683333333,718,381,588,374,647,469,653,377,130,7,6,92,761,,,,
1970-01-01 00:00:12.700000000,718,381,588,375,647,469,653,378,130,6,6,91,762,,,,
1970-01-01 00:00:12.716666667,718,381,587,374,647,469,652,377,131,7,5,92,763,,,,
1970-01-01 00:00:12.733333333,719,381,587,375,647,469,653,378,132,6,6,91,764,,,,
1970-01-01 00:00:12.750000000,719,381,588,375,647,469,653,378,131,6,6,91,765,,,,
1970-01-01 00:00:12.766666667,719,381,587,375,647,469,653,378,132,6,6,91,766,,,,
1970-01-01 00:00:12.783333333,719,381,588,374,647,469,653,377,131,7,6,92,767,,,,
1970-01-01 00:00:12.800000000,719,381,588,375,647,469,653,378,131,6,6,91,768,,,,
1970-01-01 00:00:12.816666667,719,381,588,375,647,469,653,378,131,6,6,91,769,,,,
1970-01-01 00:00:12.833333333,719,381,588,375,647,469,653,378,131,6,6,91,770,,,,
1970-01-01 00:00:12.850000000,719,381,588,375,647,469,653,378,131,6,6,91,771,,,,
1970-01-01 00:00:12.866666667,719,381,588,375,647,470,653,378,131,6,6,92,772,,,,
1970-01-01 00:00:12.883333333,719,381,588,375,647,470,653,378,131,6,6,92,773,,,,
1970-01-01 00:00:12.900000000,715,383,584,377,647,470,649,380,131,6,2,90,774,,,,
1970-01-01 00:00:12.916666667,714,383,583,377,646,470,648,380,131,6,2,90,775,,,,
1970-01-01 00:00:12.933333333,714,382,583,376,646,470,648,379,131,6,2,91,776,,,,
1970-01-01 00:00:12.950000000,714,382,583,376,646,470,648,379,131,6,2,91,777,,,,
1970-01-01 00:00:12.966666667,713,382,583,376,646,470,648,379,130,6,2,91,778,,,,
1970-01-01 00:00:12.983333333,714,382,583,376,646,470,648,379,131,6,2,91,779,,,,
1970-01-01 00:00:13.000000000,714,382,583,376,646,470,648,379,131,6,2,91,780,,,,
1970-01-01 00:00:13.016666667,713,382,583,376,646,470,648,379,130,6,2,91,781,,,,
1970-01-01 00:00:13.033333333,713,382,583,376,646,470,648,379,130,6,2,91,782,,,,
1970-01-01 00:00:13.050000000,714,382,583,376,646,470,648,379,131,6,2,91,783,,,,
1970-01-01 00:00:13.066666667,714,382,583,376,646,470,648,379,131,6,2,91,784,,,,
1970-01-01 00:00:13.083333333,714,382,583,376,646,470,648,379,131,6,2,91,785,,,,
1970-01-01 00:00:13.100000000,714,382,583,375,646,469,648,378,131,7,2,91,786,,,,
1970-01-01 00:00:13.116666667,714,382,583,375,646,469,648,378,131,7,2,91,787,,,,
1970-01-01 00:00:13.133333333,714,381,584,375,646,469,649,378,130,6,3,91,788,,,,
1970-01-01 00:00:13.150000000,714,381,584,374,647,469,649,377,130,7,2,92,789,,,,
1970-01-01 00:00:13.166666667,715,381,584,374,647,469,649,377,131,7,2,92,790,,,,
1970-01-01 00:00:13.183333333,714,381,584,374,647,469,649,377,130,7,2,92,791,,,,
1970-01-01 00:00:13.200000000,714,381,584,375,647,469,649,378,130,6,2,91,792,,,,
1970-01-01 00:00:13.216666667,714,381,583,375,646,469,648,378,131,6,2,91,793,,,,
1970-01-01 00:00:13.233333333,714,381,583,375,646,469,648,378,131,6,2,91,794,,,,
1970-01-01 00:00:13.250000000,713,381,582,375,645,469,647,378,131,6,2,91,795,,,,
1970-01-01 00:00:13.266666667,712,382,582,375,645,469,647,378,130,7,2,91,796,,,,
1970-01-01 00:00:13.283333333,711,381,581,375,644,469,646,378,130,6,2,91,797,,,,
1970-01-01 00:00:13.300000000,711,381,580,375,644,469,645,378,131,6,1,91,798,,,,
1970-01-01 00:00:13.316666667,711,381,581,375,644,469,646,378,130,6,2,91,799,,,,
1970-01-01 00:00:13.333333333,711,381,581,376,644,469,646,378,130,5,2,91,800,,,,
1970-01-01 00:00:13.350000000,711,381,580,376,644,469,645,378,131,5,1,91,801,,,,
1970-01-01 00:00:13.366666667,712,381,580,376,644,469,646,378,132,5,2,91,802,,,,
1970-01-01 00:00:13.383333333,712,381,580,376,644,469,646,378,132,5,2,91,803,,,,
1970-01-01 00:00:13.400000000,712,381,581,375,644,469,646,378,131,6,2,91,804,,,,
1970-01-01 00:00:13.416666667,712,381,581,376,644,469,646,378,131,5,2,91,805,,,,
1970-01-01 00:00:13.433333333,712,381,580,376,644,469,646,378,132,5,2,91,806,,,,
1970-01-01 00:00:13.450000000,712,381,581,376,644,469,646,378,131,5,2,91,807,,,,
1970-01-01 00:00:13.466666667,716,380,585,376,644,469,650,378,131,4,6,91,808,,,,
1970-01-01 00:00:13.483333333,716,380,585,376,644,469,650,378,131,4,6,91,809,,,,
1970-01-01 00:00:13.500000000,717,380,585,376,644,469,651,378,132,4,7,91,810,,,,
1970-01-01 00:00:13.516666666,716,380,585,376,644,469,650,378,131,4,6,91,811,,,,
1970-01-01 00:00:13.533333332,716,381,585,376,644,469,650,378,131,5,6,91,812,,,,
1970-01-01 00:00:13.550000000,716,380,585,376,644,469,650,378,131,4,6,91,813,,,,
1970-01-01 00:00:13.566666667,717,380,586,376,644,469,651,378,131,4,7,91,814,,,,
1970-01-01 00:00:13.583333333,716,380,586,376,645,469,651,378,130,4,6,91,815,,,,
1970-01-01 00:00:13.600000000,717,380,586,376,645,469,651,378,131,4,6,91,816,,,,
1970-01-01 00:00:13.616666667,717,381,586,376,645,469,651,378,131,5,6,91,817,,,,
1970-01-01 00:00:13.633333333,717,380,587,375,645,469,652,377,130,5,7,92,818,,,,
1970-01-01 00:00:13.650000000,717,380,587,375,645,469,652,377,130,5,7,92,819,,,,
1970-01-01 00:00:13.666666667,718,380,587,375,645,469,652,377,131,5,7,92,820,,,,
1970-01-01 00:00:13.683333333,718,380,587,375,645,469,652,377,131,5,7,92,821,,,,
1970-01-01 00:00:13.700000000,717,380,586,376,645,469,651,378,131,4,6,91,822,,,,
1970-01-01 00:00:13.716666667,710,383,580,377,644,470,645,380,130,6,1,90,823,,,,
1970-01-01 00:00:13.733333333,708,384,579,378,644,470,643,381,129,6,1,89,824,,,,
1970-01-01 00:00:13.750000000,708,384,579,378,643,470,643,381,129,6,0,89,825,,,,
1970-01-01 00:00:13.766666667,707,383,578,378,642,470,642,380,129,5,0,90,826,,,,
1970-01-01 00:00:13.783333333,705,383,576,378,641,469,640,380,129,5,1,89,827,,,,
1970-01-01 00:00:13.800000000,703,382,574,379,639,469,638,380,129,3,1,89,828,,,,
1970-01-01 00:00:13.816666667,701,382,571,378,636,468,636,380,130,4,0,88,829,,,,
1970-01-01 00:00:13.833333333,699,382,568,378,633,468,633,380,131,4,0,88,830,,,,
1970-01-01 00:00:13.850000000,695,381,565,378,631,468,630,379,130,3,1,89,831,,,,
1970-01-01 00:00:13.866666667,693,382,563,378,628,467,628,380,130,4,0,87,832,,,,
1970-01-01 00:00:13.883333333,690,381,561,378,625,467,625,379,129,3,0,88,833,,,,
1970-01-01 00:00:13.900000000,688,381,559,378,623,467,623,379,129,3,0,88,834,,,,
1970-01-01 00:00:13.916666667,686,381,557,377,621,466,621,379,129,4,0,87,835,,,,
1970-01-01 00:00:13.933333333,685,381,556,378,620,467,620,379,129,3,0,88,836,,,,
1970-01-01 00:00:13.950000000,683,381,555,379,619,467,619,380,128,2,0,87,837,,,,
1970-01-01 00:00:13.966666667,683,382,554,379,618,468,618,380,129,3,0,88,838,,,,
1970-01-01 00:00:13.983333333,682,383,554,380,617,468,618,381,128,3,1,87,839,,,,
1970-01-01 00:00:14.000000000,683,383,554,381,617,469,618,382,129,2,1,87,840,,,,
1970-01-01 00:00:14.016666667,682,385,554,381,616,470,618,383,128,4,2,87,841,,,,
1970-01-01 00:00:14.033333333,682,386,554,382,616,471,618,384,128,4,2,87,842,,,,
1970-01-01 00:00:14.050000000,682,387,555,384,617,472,618,385,127,3,1,87,843,,,,
1970-01-01 00:00:14.066666667,682,388,556,385,618,473,619,386,126,3,1,87,844,,,,
1970-01-01 00:00:14.083333333,683,390,557,386,619,474,620,388,126,4,1,86,845,,,,
1970-01-01 00:00:14.100000000,686,393,561,388,620,476,623,390,125,5,3,86,846,,,,
1970-01-01 00:00:14.116666667,690,399,562,393,620,478,626,396,128,6,6,82,847,,,,
1970-01-01 00:00:14.133333333,691,400,564,394,622,479,627,397,127,6,5,82,848,,,,
1970-01-01 00:00:14.150000000,696,400,569,395,624,479,632,397,127,5,8,82,849,,,,
1970-01-01 00:00:14.166666667,700,399,573,395,626,480,636,397,127,4,10,83,850,,,,
1970-01-01 00:00:14.183333333,702,397,576,393,629,479,639,395,126,4,10,84,851,,,,
1970-01-01 00:00:14.200000000,704,397,578,393,631,479,641,395,126,4,10,84,852,,,,
1970-01-01 00:00:14.216666667,708,397,581,393,634,480,644,395,127,4,10,85,853,,,,
1970-01-01 00:00:14.233333333,711,397,584,393,637,480,647,395,127,4,10,85,854,,,,
1970-01-01 00:00:14.250000000,712,400,588,395,640,481,650,397,124,5,10,84,855,,,,
1970-01-01 00:00:14.266666667,714,401,590,395,642,481,652,398,124,6,10,83,856,,,,
1970-01-01 00:00:14.283333333,715,400,592,395,644,481,653,397,123,5,9,84,857,,,,
1970-01-01 00:00:14.300000000,717,400,592,394,645,480,654,397,125,6,9,83,858,,,,
1970-01-01 00:00:14.316666667,718,399,594,394,646,480,656,396,124,5,10,84,859,,,,
1970-01-01 00:00:14.333333333,718,399,594,394,646,480,656,396,124,5,10,84,860,,,,
1970-01-01 00:00:14.350000000,718,400,594,395,647,480,656,397,124,5,9,83,861,,,,
1970-01-01 00:00:14.366666667,715,401,591,395,646,480,653,398,124,6,7,82,862,,,,
1970-01-01 00:00:14.383333333,712,401,586,397,645,481,649,399,126,4,4,82,863,,,,
1970-01-01 00:00:14.400000000,708,401,578,396,642,481,643,398,130,5,1,83,864,,,,
1970-01-01 00:00:14.416666667,699,400,573,394,637,481,636,397,126,6,1,84,865,,,,
1970-01-01 00:00:14.433333333,694,399,568,394,631,482,631,396,126,5,0,86,866,,,,
1970-01-01 00:00:14.450000000,689,400,560,395,624,484,624,397,129,5,0,87,867,,,,
1970-01-01 00:00:14.466666667,682,404,551,398,615,490,616,401,131,6,1,89,868,,,,
1970-01-01 00:00:14.483333333,674,409,543,403,608,496,608,406,131,6,0,90,869,,,,
1970-01-01 00:00:14.500000000,666,414,533,409,597,503,599,411,133,5,2,92,870,,,,
1970-01-01 00:00:14.516666666,657,420,524,414,588,510,590,417,133,6,2,93,871,,,,
1970-01-01 00:00:14.533333332,651,424,514,418,579,515,582,421,137,6,3,94,872,,,,
1970-01-01 00:00:14.550000000,643,429,506,422,571,519,574,425,137,7,3,94,873,,,,
1970-01-01 00:00:14.566666667,636,432,498,425,563,523,567,428,138,7,4,95,874,,,,
1970-01-01 00:00:14.583333333,630,436,492,428,556,527,561,432,138,8,5,95,875,,,,
1970-01-01 00:00:14.600000000,624,438,484,429,549,531,554,433,140,9,5,98,876,,,,
1970-01-01 00:00:14.616666667,618,440,478,431,543,533,548,435,140,9,5,98,877,,,,
1970-01-01 00:00:14.633333333,613,442,471,433,537,535,542,437,142,9,5,98,878,,,,
1970-01-01 00:00:14.650000000,608,444,465,434,532,538,536,439,143,10,4,99,879,,,,
1970-01-01 00:00:14.666666667,604,445,460,436,527,540,532,440,144,9,5,100,880,,,,
